Started solving  /home/misir/Desktop/aslib_data-aslib-v1.1/SAT11-RAND
% Command line arguments:
% --aslib-dir /home/misir/Desktop/aslib_data-aslib-v1.1/SAT11-RAND --model-dir MODEL_DIR --print-times /home/misir/Desktop/liclipse/Workspace/flexfolio-data_filtering-v3/output/res-18062015160731324306-SAT11-RAND.csv
% Read /home/misir/Desktop/aslib_data-aslib-v1.1/SAT11-RAND/description.txt
% Read /home/misir/Desktop/aslib_data-aslib-v1.1/SAT11-RAND/algorithm_runs.arff
% Read /home/misir/Desktop/aslib_data-aslib-v1.1/SAT11-RAND/feature_values.arff
% Read /home/misir/Desktop/aslib_data-aslib-v1.1/SAT11-RAND/feature_runstatus.arff
% Read /home/misir/Desktop/aslib_data-aslib-v1.1/SAT11-RAND/ground_truth.arff
% Read /home/misir/Desktop/aslib_data-aslib-v1.1/SAT11-RAND/feature_costs.arff
% Read /home/misir/Desktop/aslib_data-aslib-v1.1/SAT11-RAND/cv.arff
% 1-th repetition: 60,60,60,60,60,60,60,60,60,60 distribution
% Used Feature Steps: Pre,Basic,KLB,CG
% Used features: CG_mean,BINARYp,reducedVars,VG_mean,VCG_VAR_mean,VG_min,VCG_VAR_coeff_variation,nvarsOrig,CG_coeff_variation,VG_max,CG_max,POSNEG_RATIO_CLAUSE_max,horn_clauses_fraction,nclauses,vars_clauses_ratio,CG_entropy,UNARY,cluster_coeff_mean,VCG_CLAUSE_coeff_variation,POSNEG_RATIO_VAR_max,VCG_VAR_max,POSNEG_RATIO_VAR_entropy,TRINARYp,POSNEG_RATIO_VAR_min,HORNY_VAR_max,VCG_CLAUSE_mean,VCG_CLAUSE_min,cluster_coeff_entropy,POSNEG_RATIO_CLAUSE_min,HORNY_VAR_coeff_variation,VCG_VAR_min,nvars,nclausesOrig,POSNEG_RATIO_CLAUSE_mean,CG_min,VG_coeff_variation,POSNEG_RATIO_VAR_mean,cluster_coeff_coeff_variation,POSNEG_RATIO_CLAUSE_coeff_variation,VCG_CLAUSE_entropy,VCG_VAR_entropy,cluster_coeff_min,POSNEG_RATIO_VAR_stdev,HORNY_VAR_entropy,cluster_coeff_max,HORNY_VAR_mean,VCG_CLAUSE_max,HORNY_VAR_min,POSNEG_RATIO_CLAUSE_entropy,reducedClauses
% 
% Check Consistency and Completeness of input data
% Instances: 		 600
% Algorithms: 		 9
% Incomplete Feature Vector: 	 0 (maybe imputed)
% Unsolvable Instances (status): 	 108
% Unsolvable Instances (runtime): 	 108
% Valid Instances: 	 492
% Presolved: 		 0
% Average Feature Costs: 	 22.0647
% Use given CV of 1-th repetition
% >>> 1-th iteration<<<
('sr: ', array([ 217625.72652436,   99229.30686517,   35595.87716757,
         22818.79312557]), ' - svd_k: ', 4)

opt_portfolio:  [0 0 0 0 0 0 0 0 0]
opt_portfolio v2:  set([0, 1, 2, 3, 4, 5, 6, 7, 8])
('top_ft_inx_arr: ', array([ 0,  1,  2,  3, 12, 14, 20, 22, 23, 24, 25, 26, 29, 30, 32, 33, 35,
       36, 38, 39, 40, 43, 44, 45, 49]))
ft_imp_total =  1.0
ft cv scores:  [ 0.4483966   0.52257426  0.62352449  0.62474614  0.65740061  0.3866999
  0.65149695  0.63877276  0.40274662  0.5498866 ]
ft cv scores after feature selection:  [ 0.4483966   0.52257426  0.62352449  0.62474614  0.65740061  0.3866999
  0.65149695  0.63877276  0.40274662  0.5498866 ]
top_ft_inx_arr:  [ 0  1  2  3 12 14 20 22 23 24 25 26 29 30 32 33 35 36 38 39 40 43 44 45 49]
(25 out of 50) Features to keep are determined: 0, 1, 2, 3, 12, 14, 20, 22, 23, 24, 25, 26, 29, 30, 32, 33, 35, 36, 38, 39, 40, 43, 44, 45, 49
('No algorithm subset selection, just get the optimal portfolio: ', '0, 1, 2, 3, 4, 5, 6, 7, 8')
(9 out of 9) Algorithms/solvers to keep are determined: 0, 1, 2, 3, 4, 5, 6, 7, 8
('inst_per_cls : ', array([   0.,    1.,    2.,    3.,    4.,    5.,    6.,    7.,    8.,
          9.,   10.,   11.,   12.,   13.,   14.,   15.,   16.,   17.,
         18.,   19.,   20.,   21.,   22.,   23.,   24.,   25.,   26.,
         27.,   28.,   29.,   30.,   31.,   32.,   33.,   34.,   35.,
         36.,   37.,   38.,   39.,   40.,   41.,   42.,   43.,   44.,
         45.,   46.,   47.,   48.,   49.,   50.,   51.,   52.,   53.,
         54.,   55.,   56.,   57.,   58.,   59.,   60.,   61.,   62.,
         63.,   64.,   65.,   66.,   67.,   68.,   69.,   70.,   71.,
         72.,   73.,   74.,   75.,   76.,   77.,   78.,   79.,   80.,
         81.,   82.,   83.,   84.,   85.,   86.,   87.,   88.,   89.,
         90.,   91.,   92.,   93.,   94.,   95.,   96.,   97.,   98.,
         99.,  100.,  101.,  102.,  103.,  104.,  105.,  106.,  107.,
        108.,  109.,  110.,  111.,  112.,  113.,  114.,  115.,  116.,
        117.,  118.,  119.,  120.,  121.,  122.,  123.,  124.,  125.,
        126.,  127.,  128.,  129.,  130.,  131.,  132.,  133.,  134.,
        135.,  136.,  137.,  138.,  139.,  140.,  141.,  142.,  143.,
        144.,  145.,  146.,  147.,  148.,  149.,  150.,  151.,  152.,
        153.,  154.,  155.,  156.,  157.,  158.,  159.,  160.,  161.,
        162.,  163.,  164.,  165.,  166.,  167.,  168.,  169.,  170.,
        171.,  172.,  173.,  174.,  175.,  176.,  177.,  178.,  179.,
        180.,  181.,  182.,  183.,  184.,  185.,  186.,  187.,  188.,
        189.,  190.,  191.,  192.,  193.,  194.,  195.,  196.,  197.,
        198.,  199.,  200.,  201.,  202.,  203.,  204.,  205.,  206.,
        207.,  208.,  209.,  210.,  211.,  212.,  213.,  214.,  215.,
        216.,  217.,  218.,  219.,  220.,  221.,  222.,  223.,  224.,
        225.,  226.,  227.,  228.,  229.,  230.,  231.,  232.,  233.,
        234.,  235.,  236.,  237.,  238.,  239.,  240.,  241.,  242.,
        243.,  244.,  245.,  246.,  247.,  248.,  249.,  250.,  251.,
        252.,  253.,  254.,  255.,  256.,  257.,  258.,  259.,  260.,
        261.,  262.,  263.,  264.,  265.,  266.,  267.,  268.,  269.,
        270.,  271.,  272.,  273.,  274.,  275.,  276.,  277.,  278.,
        279.,  280.,  281.,  282.,  283.,  284.,  285.,  286.,  287.,
        288.,  289.,  290.,  291.,  292.,  293.,  294.,  295.,  296.,
        297.,  298.,  299.,  300.,  301.,  302.,  303.,  304.,  305.,
        306.,  307.,  308.,  309.,  310.,  311.,  312.,  313.,  314.,
        315.,  316.,  317.,  318.,  319.,  320.,  321.,  322.,  323.,
        324.,  325.,  326.,  327.,  328.,  329.,  330.,  331.,  332.,
        333.,  334.,  335.,  336.,  337.,  338.,  339.,  340.,  341.,
        342.,  343.,  344.,  345.,  346.,  347.,  348.,  349.,  350.,
        351.,  352.,  353.,  354.,  355.,  356.,  357.,  358.,  359.,
        360.,  361.,  362.,  363.,  364.,  365.,  366.,  367.,  368.,
        369.,  370.,  371.,  372.,  373.,  374.,  375.,  376.,  377.,
        378.,  379.,  380.,  381.,  382.,  383.,  384.,  385.,  386.,
        387.,  388.,  389.,  390.,  391.,  392.,  393.,  394.,  395.,
        396.,  397.,  398.,  399.,  400.,  401.,  402.,  403.,  404.,
        405.,  406.,  407.,  408.,  409.,  410.,  411.,  412.,  413.,
        414.,  415.,  416.,  417.,  418.,  419.,  420.,  421.,  422.,
        423.,  424.,  425.,  426.,  427.,  428.,  429.,  430.,  431.,
        432.,  433.,  434.,  435.,  436.,  437.,  438.,  439.,  440.,
        441.,  442.,  443.,  444.,  445.,  446.,  447.,  448.,  449.,
        450.,  451.,  452.,  453.,  454.,  455.,  456.,  457.,  458.,
        459.,  460.,  461.,  462.,  463.,  464.,  465.,  466.,  467.,
        468.,  469.,  470.,  471.,  472.,  473.,  474.,  475.,  476.,
        477.,  478.,  479.,  480.,  481.,  482.,  483.,  484.,  485.,
        486.,  487.,  488.,  489.,  490.,  491.,  492.,  493.,  494.,
        495.,  496.,  497.,  498.,  499.,  500.,  501.,  502.,  503.,
        504.,  505.,  506.,  507.,  508.,  509.,  510.,  511.,  512.,
        513.,  514.,  515.,  516.,  517.,  518.,  519.,  520.,  521.,
        522.,  523.,  524.,  525.,  526.,  527.,  528.,  529.,  530.,
        531.,  532.,  533.,  534.,  535.,  536.,  537.,  538.,  539.]))
(540 out of 540) Instances to keep are determined: 0.0, 1.0, 2.0, 3.0, 4.0, 5.0, 6.0, 7.0, 8.0, 9.0, 10.0, 11.0, 12.0, 13.0, 14.0, 15.0, 16.0, 17.0, 18.0, 19.0, 20.0, 21.0, 22.0, 23.0, 24.0, 25.0, 26.0, 27.0, 28.0, 29.0, 30.0, 31.0, 32.0, 33.0, 34.0, 35.0, 36.0, 37.0, 38.0, 39.0, 40.0, 41.0, 42.0, 43.0, 44.0, 45.0, 46.0, 47.0, 48.0, 49.0, 50.0, 51.0, 52.0, 53.0, 54.0, 55.0, 56.0, 57.0, 58.0, 59.0, 60.0, 61.0, 62.0, 63.0, 64.0, 65.0, 66.0, 67.0, 68.0, 69.0, 70.0, 71.0, 72.0, 73.0, 74.0, 75.0, 76.0, 77.0, 78.0, 79.0, 80.0, 81.0, 82.0, 83.0, 84.0, 85.0, 86.0, 87.0, 88.0, 89.0, 90.0, 91.0, 92.0, 93.0, 94.0, 95.0, 96.0, 97.0, 98.0, 99.0, 100.0, 101.0, 102.0, 103.0, 104.0, 105.0, 106.0, 107.0, 108.0, 109.0, 110.0, 111.0, 112.0, 113.0, 114.0, 115.0, 116.0, 117.0, 118.0, 119.0, 120.0, 121.0, 122.0, 123.0, 124.0, 125.0, 126.0, 127.0, 128.0, 129.0, 130.0, 131.0, 132.0, 133.0, 134.0, 135.0, 136.0, 137.0, 138.0, 139.0, 140.0, 141.0, 142.0, 143.0, 144.0, 145.0, 146.0, 147.0, 148.0, 149.0, 150.0, 151.0, 152.0, 153.0, 154.0, 155.0, 156.0, 157.0, 158.0, 159.0, 160.0, 161.0, 162.0, 163.0, 164.0, 165.0, 166.0, 167.0, 168.0, 169.0, 170.0, 171.0, 172.0, 173.0, 174.0, 175.0, 176.0, 177.0, 178.0, 179.0, 180.0, 181.0, 182.0, 183.0, 184.0, 185.0, 186.0, 187.0, 188.0, 189.0, 190.0, 191.0, 192.0, 193.0, 194.0, 195.0, 196.0, 197.0, 198.0, 199.0, 200.0, 201.0, 202.0, 203.0, 204.0, 205.0, 206.0, 207.0, 208.0, 209.0, 210.0, 211.0, 212.0, 213.0, 214.0, 215.0, 216.0, 217.0, 218.0, 219.0, 220.0, 221.0, 222.0, 223.0, 224.0, 225.0, 226.0, 227.0, 228.0, 229.0, 230.0, 231.0, 232.0, 233.0, 234.0, 235.0, 236.0, 237.0, 238.0, 239.0, 240.0, 241.0, 242.0, 243.0, 244.0, 245.0, 246.0, 247.0, 248.0, 249.0, 250.0, 251.0, 252.0, 253.0, 254.0, 255.0, 256.0, 257.0, 258.0, 259.0, 260.0, 261.0, 262.0, 263.0, 264.0, 265.0, 266.0, 267.0, 268.0, 269.0, 270.0, 271.0, 272.0, 273.0, 274.0, 275.0, 276.0, 277.0, 278.0, 279.0, 280.0, 281.0, 282.0, 283.0, 284.0, 285.0, 286.0, 287.0, 288.0, 289.0, 290.0, 291.0, 292.0, 293.0, 294.0, 295.0, 296.0, 297.0, 298.0, 299.0, 300.0, 301.0, 302.0, 303.0, 304.0, 305.0, 306.0, 307.0, 308.0, 309.0, 310.0, 311.0, 312.0, 313.0, 314.0, 315.0, 316.0, 317.0, 318.0, 319.0, 320.0, 321.0, 322.0, 323.0, 324.0, 325.0, 326.0, 327.0, 328.0, 329.0, 330.0, 331.0, 332.0, 333.0, 334.0, 335.0, 336.0, 337.0, 338.0, 339.0, 340.0, 341.0, 342.0, 343.0, 344.0, 345.0, 346.0, 347.0, 348.0, 349.0, 350.0, 351.0, 352.0, 353.0, 354.0, 355.0, 356.0, 357.0, 358.0, 359.0, 360.0, 361.0, 362.0, 363.0, 364.0, 365.0, 366.0, 367.0, 368.0, 369.0, 370.0, 371.0, 372.0, 373.0, 374.0, 375.0, 376.0, 377.0, 378.0, 379.0, 380.0, 381.0, 382.0, 383.0, 384.0, 385.0, 386.0, 387.0, 388.0, 389.0, 390.0, 391.0, 392.0, 393.0, 394.0, 395.0, 396.0, 397.0, 398.0, 399.0, 400.0, 401.0, 402.0, 403.0, 404.0, 405.0, 406.0, 407.0, 408.0, 409.0, 410.0, 411.0, 412.0, 413.0, 414.0, 415.0, 416.0, 417.0, 418.0, 419.0, 420.0, 421.0, 422.0, 423.0, 424.0, 425.0, 426.0, 427.0, 428.0, 429.0, 430.0, 431.0, 432.0, 433.0, 434.0, 435.0, 436.0, 437.0, 438.0, 439.0, 440.0, 441.0, 442.0, 443.0, 444.0, 445.0, 446.0, 447.0, 448.0, 449.0, 450.0, 451.0, 452.0, 453.0, 454.0, 455.0, 456.0, 457.0, 458.0, 459.0, 460.0, 461.0, 462.0, 463.0, 464.0, 465.0, 466.0, 467.0, 468.0, 469.0, 470.0, 471.0, 472.0, 473.0, 474.0, 475.0, 476.0, 477.0, 478.0, 479.0, 480.0, 481.0, 482.0, 483.0, 484.0, 485.0, 486.0, 487.0, 488.0, 489.0, 490.0, 491.0, 492.0, 493.0, 494.0, 495.0, 496.0, 497.0, 498.0, 499.0, 500.0, 501.0, 502.0, 503.0, 504.0, 505.0, 506.0, 507.0, 508.0, 509.0, 510.0, 511.0, 512.0, 513.0, 514.0, 515.0, 516.0, 517.0, 518.0, 519.0, 520.0, 521.0, 522.0, 523.0, 524.0, 525.0, 526.0, 527.0, 528.0, 529.0, 530.0, 531.0, 532.0, 533.0, 534.0, 535.0, 536.0, 537.0, 538.0, 539.0
% Backup Solver: sparrow2011_sparrow2011_ubcsat1.2_2011-03-02
% Input Instances for Training: 540 (-unsolvable)
% Used Instances for Training: 540 (-unsolvable)
% Train with RANDOMFOREST-CLASSVOTER
% PAR10 on current test set: 10327.28 (60 instances)
% >>> 2-th iteration<<<
('sr: ', array([ 216843.62000825,   98508.57376764,   35681.84423744,
         22698.76572912]), ' - svd_k: ', 4)

opt_portfolio:  [0 0 0 0 0 0 0 0 0]
opt_portfolio v2:  set([0, 1, 2, 3, 4, 5, 6, 7, 8])
('top_ft_inx_arr: ', array([ 0,  1,  2,  3, 11, 12, 20, 21, 22, 23, 24, 25, 26, 32, 33, 34, 36,
       41, 42, 43, 44, 45, 46, 47, 49]))
ft_imp_total =  1.0
ft cv scores:  [ 0.4924925   0.47713822  0.55177287  0.5302141   0.56669062  0.43378024
  0.41374217  0.63267361  0.40114012  0.57079702]
ft cv scores after feature selection:  [ 0.4924925   0.47713822  0.55177287  0.5302141   0.56669062  0.43378024
  0.41374217  0.63267361  0.40114012  0.57079702]
top_ft_inx_arr:  [ 0  1  2  3 11 12 20 21 22 23 24 25 26 32 33 34 36 41 42 43 44 45 46 47 49]
(25 out of 50) Features to keep are determined: 0, 1, 2, 3, 11, 12, 20, 21, 22, 23, 24, 25, 26, 32, 33, 34, 36, 41, 42, 43, 44, 45, 46, 47, 49
('No algorithm subset selection, just get the optimal portfolio: ', '0, 1, 2, 3, 4, 5, 6, 7, 8')
(9 out of 9) Algorithms/solvers to keep are determined: 0, 1, 2, 3, 4, 5, 6, 7, 8
('inst_per_cls : ', array([   0.,    1.,    2.,    3.,    4.,    5.,    6.,    7.,    8.,
          9.,   10.,   11.,   12.,   13.,   14.,   15.,   16.,   17.,
         18.,   19.,   20.,   21.,   22.,   23.,   24.,   25.,   26.,
         27.,   28.,   29.,   30.,   31.,   32.,   33.,   34.,   35.,
         36.,   37.,   38.,   39.,   40.,   41.,   42.,   43.,   44.,
         45.,   46.,   47.,   48.,   49.,   50.,   51.,   52.,   53.,
         54.,   55.,   56.,   57.,   58.,   59.,   60.,   61.,   62.,
         63.,   64.,   65.,   66.,   67.,   68.,   69.,   70.,   71.,
         72.,   73.,   74.,   75.,   76.,   77.,   78.,   79.,   80.,
         81.,   82.,   83.,   84.,   85.,   86.,   87.,   88.,   89.,
         90.,   91.,   92.,   93.,   94.,   95.,   96.,   97.,   98.,
         99.,  100.,  101.,  102.,  103.,  104.,  105.,  106.,  107.,
        108.,  109.,  110.,  111.,  112.,  113.,  114.,  115.,  116.,
        117.,  118.,  119.,  120.,  121.,  122.,  123.,  124.,  125.,
        126.,  127.,  128.,  129.,  130.,  131.,  132.,  133.,  134.,
        135.,  136.,  137.,  138.,  139.,  140.,  141.,  142.,  143.,
        144.,  145.,  146.,  147.,  148.,  149.,  150.,  151.,  152.,
        153.,  154.,  155.,  156.,  157.,  158.,  159.,  160.,  161.,
        162.,  163.,  164.,  165.,  166.,  167.,  168.,  169.,  170.,
        171.,  172.,  173.,  174.,  175.,  176.,  177.,  178.,  179.,
        180.,  181.,  182.,  183.,  184.,  185.,  186.,  187.,  188.,
        189.,  190.,  191.,  192.,  193.,  194.,  195.,  196.,  197.,
        198.,  199.,  200.,  201.,  202.,  203.,  204.,  205.,  206.,
        207.,  208.,  209.,  210.,  211.,  212.,  213.,  214.,  215.,
        216.,  217.,  218.,  219.,  220.,  221.,  222.,  223.,  224.,
        225.,  226.,  227.,  228.,  229.,  230.,  231.,  232.,  233.,
        234.,  235.,  236.,  237.,  238.,  239.,  240.,  241.,  242.,
        243.,  244.,  245.,  246.,  247.,  248.,  249.,  250.,  251.,
        252.,  253.,  254.,  255.,  256.,  257.,  258.,  259.,  260.,
        261.,  262.,  263.,  264.,  265.,  266.,  267.,  268.,  269.,
        270.,  271.,  272.,  273.,  274.,  275.,  276.,  277.,  278.,
        279.,  280.,  281.,  282.,  283.,  284.,  285.,  286.,  287.,
        288.,  289.,  290.,  291.,  292.,  293.,  294.,  295.,  296.,
        297.,  298.,  299.,  300.,  301.,  302.,  303.,  304.,  305.,
        306.,  307.,  308.,  309.,  310.,  311.,  312.,  313.,  314.,
        315.,  316.,  317.,  318.,  319.,  320.,  321.,  322.,  323.,
        324.,  325.,  326.,  327.,  328.,  329.,  330.,  331.,  332.,
        333.,  334.,  335.,  336.,  337.,  338.,  339.,  340.,  341.,
        342.,  343.,  344.,  345.,  346.,  347.,  348.,  349.,  350.,
        351.,  352.,  353.,  354.,  355.,  356.,  357.,  358.,  359.,
        360.,  361.,  362.,  363.,  364.,  365.,  366.,  367.,  368.,
        369.,  370.,  371.,  372.,  373.,  374.,  375.,  376.,  377.,
        378.,  379.,  380.,  381.,  382.,  383.,  384.,  385.,  386.,
        387.,  388.,  389.,  390.,  391.,  392.,  393.,  394.,  395.,
        396.,  397.,  398.,  399.,  400.,  401.,  402.,  403.,  404.,
        405.,  406.,  407.,  408.,  409.,  410.,  411.,  412.,  413.,
        414.,  415.,  416.,  417.,  418.,  419.,  420.,  421.,  422.,
        423.,  424.,  425.,  426.,  427.,  428.,  429.,  430.,  431.,
        432.,  433.,  434.,  435.,  436.,  437.,  438.,  439.,  440.,
        441.,  442.,  443.,  444.,  445.,  446.,  447.,  448.,  449.,
        450.,  451.,  452.,  453.,  454.,  455.,  456.,  457.,  458.,
        459.,  460.,  461.,  462.,  463.,  464.,  465.,  466.,  467.,
        468.,  469.,  470.,  471.,  472.,  473.,  474.,  475.,  476.,
        477.,  478.,  479.,  480.,  481.,  482.,  483.,  484.,  485.,
        486.,  487.,  488.,  489.,  490.,  491.,  492.,  493.,  494.,
        495.,  496.,  497.,  498.,  499.,  500.,  501.,  502.,  503.,
        504.,  505.,  506.,  507.,  508.,  509.,  510.,  511.,  512.,
        513.,  514.,  515.,  516.,  517.,  518.,  519.,  520.,  521.,
        522.,  523.,  524.,  525.,  526.,  527.,  528.,  529.,  530.,
        531.,  532.,  533.,  534.,  535.,  536.,  537.,  538.,  539.]))
(540 out of 540) Instances to keep are determined: 0.0, 1.0, 2.0, 3.0, 4.0, 5.0, 6.0, 7.0, 8.0, 9.0, 10.0, 11.0, 12.0, 13.0, 14.0, 15.0, 16.0, 17.0, 18.0, 19.0, 20.0, 21.0, 22.0, 23.0, 24.0, 25.0, 26.0, 27.0, 28.0, 29.0, 30.0, 31.0, 32.0, 33.0, 34.0, 35.0, 36.0, 37.0, 38.0, 39.0, 40.0, 41.0, 42.0, 43.0, 44.0, 45.0, 46.0, 47.0, 48.0, 49.0, 50.0, 51.0, 52.0, 53.0, 54.0, 55.0, 56.0, 57.0, 58.0, 59.0, 60.0, 61.0, 62.0, 63.0, 64.0, 65.0, 66.0, 67.0, 68.0, 69.0, 70.0, 71.0, 72.0, 73.0, 74.0, 75.0, 76.0, 77.0, 78.0, 79.0, 80.0, 81.0, 82.0, 83.0, 84.0, 85.0, 86.0, 87.0, 88.0, 89.0, 90.0, 91.0, 92.0, 93.0, 94.0, 95.0, 96.0, 97.0, 98.0, 99.0, 100.0, 101.0, 102.0, 103.0, 104.0, 105.0, 106.0, 107.0, 108.0, 109.0, 110.0, 111.0, 112.0, 113.0, 114.0, 115.0, 116.0, 117.0, 118.0, 119.0, 120.0, 121.0, 122.0, 123.0, 124.0, 125.0, 126.0, 127.0, 128.0, 129.0, 130.0, 131.0, 132.0, 133.0, 134.0, 135.0, 136.0, 137.0, 138.0, 139.0, 140.0, 141.0, 142.0, 143.0, 144.0, 145.0, 146.0, 147.0, 148.0, 149.0, 150.0, 151.0, 152.0, 153.0, 154.0, 155.0, 156.0, 157.0, 158.0, 159.0, 160.0, 161.0, 162.0, 163.0, 164.0, 165.0, 166.0, 167.0, 168.0, 169.0, 170.0, 171.0, 172.0, 173.0, 174.0, 175.0, 176.0, 177.0, 178.0, 179.0, 180.0, 181.0, 182.0, 183.0, 184.0, 185.0, 186.0, 187.0, 188.0, 189.0, 190.0, 191.0, 192.0, 193.0, 194.0, 195.0, 196.0, 197.0, 198.0, 199.0, 200.0, 201.0, 202.0, 203.0, 204.0, 205.0, 206.0, 207.0, 208.0, 209.0, 210.0, 211.0, 212.0, 213.0, 214.0, 215.0, 216.0, 217.0, 218.0, 219.0, 220.0, 221.0, 222.0, 223.0, 224.0, 225.0, 226.0, 227.0, 228.0, 229.0, 230.0, 231.0, 232.0, 233.0, 234.0, 235.0, 236.0, 237.0, 238.0, 239.0, 240.0, 241.0, 242.0, 243.0, 244.0, 245.0, 246.0, 247.0, 248.0, 249.0, 250.0, 251.0, 252.0, 253.0, 254.0, 255.0, 256.0, 257.0, 258.0, 259.0, 260.0, 261.0, 262.0, 263.0, 264.0, 265.0, 266.0, 267.0, 268.0, 269.0, 270.0, 271.0, 272.0, 273.0, 274.0, 275.0, 276.0, 277.0, 278.0, 279.0, 280.0, 281.0, 282.0, 283.0, 284.0, 285.0, 286.0, 287.0, 288.0, 289.0, 290.0, 291.0, 292.0, 293.0, 294.0, 295.0, 296.0, 297.0, 298.0, 299.0, 300.0, 301.0, 302.0, 303.0, 304.0, 305.0, 306.0, 307.0, 308.0, 309.0, 310.0, 311.0, 312.0, 313.0, 314.0, 315.0, 316.0, 317.0, 318.0, 319.0, 320.0, 321.0, 322.0, 323.0, 324.0, 325.0, 326.0, 327.0, 328.0, 329.0, 330.0, 331.0, 332.0, 333.0, 334.0, 335.0, 336.0, 337.0, 338.0, 339.0, 340.0, 341.0, 342.0, 343.0, 344.0, 345.0, 346.0, 347.0, 348.0, 349.0, 350.0, 351.0, 352.0, 353.0, 354.0, 355.0, 356.0, 357.0, 358.0, 359.0, 360.0, 361.0, 362.0, 363.0, 364.0, 365.0, 366.0, 367.0, 368.0, 369.0, 370.0, 371.0, 372.0, 373.0, 374.0, 375.0, 376.0, 377.0, 378.0, 379.0, 380.0, 381.0, 382.0, 383.0, 384.0, 385.0, 386.0, 387.0, 388.0, 389.0, 390.0, 391.0, 392.0, 393.0, 394.0, 395.0, 396.0, 397.0, 398.0, 399.0, 400.0, 401.0, 402.0, 403.0, 404.0, 405.0, 406.0, 407.0, 408.0, 409.0, 410.0, 411.0, 412.0, 413.0, 414.0, 415.0, 416.0, 417.0, 418.0, 419.0, 420.0, 421.0, 422.0, 423.0, 424.0, 425.0, 426.0, 427.0, 428.0, 429.0, 430.0, 431.0, 432.0, 433.0, 434.0, 435.0, 436.0, 437.0, 438.0, 439.0, 440.0, 441.0, 442.0, 443.0, 444.0, 445.0, 446.0, 447.0, 448.0, 449.0, 450.0, 451.0, 452.0, 453.0, 454.0, 455.0, 456.0, 457.0, 458.0, 459.0, 460.0, 461.0, 462.0, 463.0, 464.0, 465.0, 466.0, 467.0, 468.0, 469.0, 470.0, 471.0, 472.0, 473.0, 474.0, 475.0, 476.0, 477.0, 478.0, 479.0, 480.0, 481.0, 482.0, 483.0, 484.0, 485.0, 486.0, 487.0, 488.0, 489.0, 490.0, 491.0, 492.0, 493.0, 494.0, 495.0, 496.0, 497.0, 498.0, 499.0, 500.0, 501.0, 502.0, 503.0, 504.0, 505.0, 506.0, 507.0, 508.0, 509.0, 510.0, 511.0, 512.0, 513.0, 514.0, 515.0, 516.0, 517.0, 518.0, 519.0, 520.0, 521.0, 522.0, 523.0, 524.0, 525.0, 526.0, 527.0, 528.0, 529.0, 530.0, 531.0, 532.0, 533.0, 534.0, 535.0, 536.0, 537.0, 538.0, 539.0
% Backup Solver: sparrow2011_sparrow2011_ubcsat1.2_2011-03-02
% Input Instances for Training: 540 (-unsolvable)
% Used Instances for Training: 540 (-unsolvable)
% Train with RANDOMFOREST-CLASSVOTER
% PAR10 on current test set: 11837.71 (60 instances)
% >>> 3-th iteration<<<
('sr: ', array([ 220980.78923191,   98367.53997718,   35294.52796219,
         23361.9172986 ]), ' - svd_k: ', 4)

opt_portfolio:  [0 0 0 0 0 0 0 0 0]
opt_portfolio v2:  set([0, 1, 2, 3, 4, 5, 6, 7, 8])
('top_ft_inx_arr: ', array([ 0,  1,  2,  3,  8, 11, 12, 14, 15, 22, 23, 25, 26, 29, 30, 31, 32,
       33, 35, 36, 39, 42, 43, 44, 49]))
ft_imp_total =  1.0
ft cv scores:  [ 0.53496857  0.52243771  0.62955116  0.57874142  0.56761552  0.3906184
  0.5868576   0.59019335  0.43198613  0.61283737]
ft cv scores after feature selection:  [ 0.53496857  0.52243771  0.62955116  0.57874142  0.56761552  0.3906184
  0.5868576   0.59019335  0.43198613  0.61283737]
top_ft_inx_arr:  [ 0  1  2  3  8 11 12 14 15 22 23 25 26 29 30 31 32 33 35 36 39 42 43 44 49]
(25 out of 50) Features to keep are determined: 0, 1, 2, 3, 8, 11, 12, 14, 15, 22, 23, 25, 26, 29, 30, 31, 32, 33, 35, 36, 39, 42, 43, 44, 49
('No algorithm subset selection, just get the optimal portfolio: ', '0, 1, 2, 3, 4, 5, 6, 7, 8')
(9 out of 9) Algorithms/solvers to keep are determined: 0, 1, 2, 3, 4, 5, 6, 7, 8
('inst_per_cls : ', array([   0.,    1.,    2.,    3.,    4.,    5.,    6.,    7.,    8.,
          9.,   10.,   11.,   12.,   13.,   14.,   15.,   16.,   17.,
         18.,   19.,   20.,   21.,   22.,   23.,   24.,   25.,   26.,
         27.,   28.,   29.,   30.,   31.,   32.,   33.,   34.,   35.,
         36.,   37.,   38.,   39.,   40.,   41.,   42.,   43.,   44.,
         45.,   46.,   47.,   48.,   49.,   50.,   51.,   52.,   53.,
         54.,   55.,   56.,   57.,   58.,   59.,   60.,   61.,   62.,
         63.,   64.,   65.,   66.,   67.,   68.,   69.,   70.,   71.,
         72.,   73.,   74.,   75.,   76.,   77.,   78.,   79.,   80.,
         81.,   82.,   83.,   84.,   85.,   86.,   87.,   88.,   89.,
         90.,   91.,   92.,   93.,   94.,   95.,   96.,   97.,   98.,
         99.,  100.,  101.,  102.,  103.,  104.,  105.,  106.,  107.,
        108.,  109.,  110.,  111.,  112.,  113.,  114.,  115.,  116.,
        117.,  118.,  119.,  120.,  121.,  122.,  123.,  124.,  125.,
        126.,  127.,  128.,  129.,  130.,  131.,  132.,  133.,  134.,
        135.,  136.,  137.,  138.,  139.,  140.,  141.,  142.,  143.,
        144.,  145.,  146.,  147.,  148.,  149.,  150.,  151.,  152.,
        153.,  154.,  155.,  156.,  157.,  158.,  159.,  160.,  161.,
        162.,  163.,  164.,  165.,  166.,  167.,  168.,  169.,  170.,
        171.,  172.,  173.,  174.,  175.,  176.,  177.,  178.,  179.,
        180.,  181.,  182.,  183.,  184.,  185.,  186.,  187.,  188.,
        189.,  190.,  191.,  192.,  193.,  194.,  195.,  196.,  197.,
        198.,  199.,  200.,  201.,  202.,  203.,  204.,  205.,  206.,
        207.,  208.,  209.,  210.,  211.,  212.,  213.,  214.,  215.,
        216.,  217.,  218.,  219.,  220.,  221.,  222.,  223.,  224.,
        225.,  226.,  227.,  228.,  229.,  230.,  231.,  232.,  233.,
        234.,  235.,  236.,  237.,  238.,  239.,  240.,  241.,  242.,
        243.,  244.,  245.,  246.,  247.,  248.,  249.,  250.,  251.,
        252.,  253.,  254.,  255.,  256.,  257.,  258.,  259.,  260.,
        261.,  262.,  263.,  264.,  265.,  266.,  267.,  268.,  269.,
        270.,  271.,  272.,  273.,  274.,  275.,  276.,  277.,  278.,
        279.,  280.,  281.,  282.,  283.,  284.,  285.,  286.,  287.,
        288.,  289.,  290.,  291.,  292.,  293.,  294.,  295.,  296.,
        297.,  298.,  299.,  300.,  301.,  302.,  303.,  304.,  305.,
        306.,  307.,  308.,  309.,  310.,  311.,  312.,  313.,  314.,
        315.,  316.,  317.,  318.,  319.,  320.,  321.,  322.,  323.,
        324.,  325.,  326.,  327.,  328.,  329.,  330.,  331.,  332.,
        333.,  334.,  335.,  336.,  337.,  338.,  339.,  340.,  341.,
        342.,  343.,  344.,  345.,  346.,  347.,  348.,  349.,  350.,
        351.,  352.,  353.,  354.,  355.,  356.,  357.,  358.,  359.,
        360.,  361.,  362.,  363.,  364.,  365.,  366.,  367.,  368.,
        369.,  370.,  371.,  372.,  373.,  374.,  375.,  376.,  377.,
        378.,  379.,  380.,  381.,  382.,  383.,  384.,  385.,  386.,
        387.,  388.,  389.,  390.,  391.,  392.,  393.,  394.,  395.,
        396.,  397.,  398.,  399.,  400.,  401.,  402.,  403.,  404.,
        405.,  406.,  407.,  408.,  409.,  410.,  411.,  412.,  413.,
        414.,  415.,  416.,  417.,  418.,  419.,  420.,  421.,  422.,
        423.,  424.,  425.,  426.,  427.,  428.,  429.,  430.,  431.,
        432.,  433.,  434.,  435.,  436.,  437.,  438.,  439.,  440.,
        441.,  442.,  443.,  444.,  445.,  446.,  447.,  448.,  449.,
        450.,  451.,  452.,  453.,  454.,  455.,  456.,  457.,  458.,
        459.,  460.,  461.,  462.,  463.,  464.,  465.,  466.,  467.,
        468.,  469.,  470.,  471.,  472.,  473.,  474.,  475.,  476.,
        477.,  478.,  479.,  480.,  481.,  482.,  483.,  484.,  485.,
        486.,  487.,  488.,  489.,  490.,  491.,  492.,  493.,  494.,
        495.,  496.,  497.,  498.,  499.,  500.,  501.,  502.,  503.,
        504.,  505.,  506.,  507.,  508.,  509.,  510.,  511.,  512.,
        513.,  514.,  515.,  516.,  517.,  518.,  519.,  520.,  521.,
        522.,  523.,  524.,  525.,  526.,  527.,  528.,  529.,  530.,
        531.,  532.,  533.,  534.,  535.,  536.,  537.,  538.,  539.]))
(540 out of 540) Instances to keep are determined: 0.0, 1.0, 2.0, 3.0, 4.0, 5.0, 6.0, 7.0, 8.0, 9.0, 10.0, 11.0, 12.0, 13.0, 14.0, 15.0, 16.0, 17.0, 18.0, 19.0, 20.0, 21.0, 22.0, 23.0, 24.0, 25.0, 26.0, 27.0, 28.0, 29.0, 30.0, 31.0, 32.0, 33.0, 34.0, 35.0, 36.0, 37.0, 38.0, 39.0, 40.0, 41.0, 42.0, 43.0, 44.0, 45.0, 46.0, 47.0, 48.0, 49.0, 50.0, 51.0, 52.0, 53.0, 54.0, 55.0, 56.0, 57.0, 58.0, 59.0, 60.0, 61.0, 62.0, 63.0, 64.0, 65.0, 66.0, 67.0, 68.0, 69.0, 70.0, 71.0, 72.0, 73.0, 74.0, 75.0, 76.0, 77.0, 78.0, 79.0, 80.0, 81.0, 82.0, 83.0, 84.0, 85.0, 86.0, 87.0, 88.0, 89.0, 90.0, 91.0, 92.0, 93.0, 94.0, 95.0, 96.0, 97.0, 98.0, 99.0, 100.0, 101.0, 102.0, 103.0, 104.0, 105.0, 106.0, 107.0, 108.0, 109.0, 110.0, 111.0, 112.0, 113.0, 114.0, 115.0, 116.0, 117.0, 118.0, 119.0, 120.0, 121.0, 122.0, 123.0, 124.0, 125.0, 126.0, 127.0, 128.0, 129.0, 130.0, 131.0, 132.0, 133.0, 134.0, 135.0, 136.0, 137.0, 138.0, 139.0, 140.0, 141.0, 142.0, 143.0, 144.0, 145.0, 146.0, 147.0, 148.0, 149.0, 150.0, 151.0, 152.0, 153.0, 154.0, 155.0, 156.0, 157.0, 158.0, 159.0, 160.0, 161.0, 162.0, 163.0, 164.0, 165.0, 166.0, 167.0, 168.0, 169.0, 170.0, 171.0, 172.0, 173.0, 174.0, 175.0, 176.0, 177.0, 178.0, 179.0, 180.0, 181.0, 182.0, 183.0, 184.0, 185.0, 186.0, 187.0, 188.0, 189.0, 190.0, 191.0, 192.0, 193.0, 194.0, 195.0, 196.0, 197.0, 198.0, 199.0, 200.0, 201.0, 202.0, 203.0, 204.0, 205.0, 206.0, 207.0, 208.0, 209.0, 210.0, 211.0, 212.0, 213.0, 214.0, 215.0, 216.0, 217.0, 218.0, 219.0, 220.0, 221.0, 222.0, 223.0, 224.0, 225.0, 226.0, 227.0, 228.0, 229.0, 230.0, 231.0, 232.0, 233.0, 234.0, 235.0, 236.0, 237.0, 238.0, 239.0, 240.0, 241.0, 242.0, 243.0, 244.0, 245.0, 246.0, 247.0, 248.0, 249.0, 250.0, 251.0, 252.0, 253.0, 254.0, 255.0, 256.0, 257.0, 258.0, 259.0, 260.0, 261.0, 262.0, 263.0, 264.0, 265.0, 266.0, 267.0, 268.0, 269.0, 270.0, 271.0, 272.0, 273.0, 274.0, 275.0, 276.0, 277.0, 278.0, 279.0, 280.0, 281.0, 282.0, 283.0, 284.0, 285.0, 286.0, 287.0, 288.0, 289.0, 290.0, 291.0, 292.0, 293.0, 294.0, 295.0, 296.0, 297.0, 298.0, 299.0, 300.0, 301.0, 302.0, 303.0, 304.0, 305.0, 306.0, 307.0, 308.0, 309.0, 310.0, 311.0, 312.0, 313.0, 314.0, 315.0, 316.0, 317.0, 318.0, 319.0, 320.0, 321.0, 322.0, 323.0, 324.0, 325.0, 326.0, 327.0, 328.0, 329.0, 330.0, 331.0, 332.0, 333.0, 334.0, 335.0, 336.0, 337.0, 338.0, 339.0, 340.0, 341.0, 342.0, 343.0, 344.0, 345.0, 346.0, 347.0, 348.0, 349.0, 350.0, 351.0, 352.0, 353.0, 354.0, 355.0, 356.0, 357.0, 358.0, 359.0, 360.0, 361.0, 362.0, 363.0, 364.0, 365.0, 366.0, 367.0, 368.0, 369.0, 370.0, 371.0, 372.0, 373.0, 374.0, 375.0, 376.0, 377.0, 378.0, 379.0, 380.0, 381.0, 382.0, 383.0, 384.0, 385.0, 386.0, 387.0, 388.0, 389.0, 390.0, 391.0, 392.0, 393.0, 394.0, 395.0, 396.0, 397.0, 398.0, 399.0, 400.0, 401.0, 402.0, 403.0, 404.0, 405.0, 406.0, 407.0, 408.0, 409.0, 410.0, 411.0, 412.0, 413.0, 414.0, 415.0, 416.0, 417.0, 418.0, 419.0, 420.0, 421.0, 422.0, 423.0, 424.0, 425.0, 426.0, 427.0, 428.0, 429.0, 430.0, 431.0, 432.0, 433.0, 434.0, 435.0, 436.0, 437.0, 438.0, 439.0, 440.0, 441.0, 442.0, 443.0, 444.0, 445.0, 446.0, 447.0, 448.0, 449.0, 450.0, 451.0, 452.0, 453.0, 454.0, 455.0, 456.0, 457.0, 458.0, 459.0, 460.0, 461.0, 462.0, 463.0, 464.0, 465.0, 466.0, 467.0, 468.0, 469.0, 470.0, 471.0, 472.0, 473.0, 474.0, 475.0, 476.0, 477.0, 478.0, 479.0, 480.0, 481.0, 482.0, 483.0, 484.0, 485.0, 486.0, 487.0, 488.0, 489.0, 490.0, 491.0, 492.0, 493.0, 494.0, 495.0, 496.0, 497.0, 498.0, 499.0, 500.0, 501.0, 502.0, 503.0, 504.0, 505.0, 506.0, 507.0, 508.0, 509.0, 510.0, 511.0, 512.0, 513.0, 514.0, 515.0, 516.0, 517.0, 518.0, 519.0, 520.0, 521.0, 522.0, 523.0, 524.0, 525.0, 526.0, 527.0, 528.0, 529.0, 530.0, 531.0, 532.0, 533.0, 534.0, 535.0, 536.0, 537.0, 538.0, 539.0
% Backup Solver: sparrow2011_sparrow2011_ubcsat1.2_2011-03-02
% Input Instances for Training: 540 (-unsolvable)
% Used Instances for Training: 540 (-unsolvable)
% Train with RANDOMFOREST-CLASSVOTER
% PAR10 on current test set: 7628.84 (60 instances)
% >>> 4-th iteration<<<
('sr: ', array([ 212267.24440134,  100181.96767656,   35674.07172111,
         22853.28356008]), ' - svd_k: ', 4)

opt_portfolio:  [0 0 0 0 0 0 0 0 0]
opt_portfolio v2:  set([0, 1, 2, 3, 4, 5, 6, 7, 8])
('top_ft_inx_arr: ', array([ 0,  1,  2,  3,  8, 12, 14, 20, 21, 22, 23, 24, 25, 26, 29, 32, 33,
       36, 39, 43, 44, 46, 47, 48, 49]))
ft_imp_total =  1.0
ft cv scores:  [ 0.51736774  0.47945504  0.46542981  0.45240422  0.62941361  0.45436202
  0.54145825  0.57826318  0.47165494  0.61876462]
ft cv scores after feature selection:  [ 0.51736774  0.47945504  0.46542981  0.45240422  0.62941361  0.45436202
  0.54145825  0.57826318  0.47165494  0.61876462]
top_ft_inx_arr:  [ 0  1  2  3  8 12 14 20 21 22 23 24 25 26 29 32 33 36 39 43 44 46 47 48 49]
(25 out of 50) Features to keep are determined: 0, 1, 2, 3, 8, 12, 14, 20, 21, 22, 23, 24, 25, 26, 29, 32, 33, 36, 39, 43, 44, 46, 47, 48, 49
('No algorithm subset selection, just get the optimal portfolio: ', '0, 1, 2, 3, 4, 5, 6, 7, 8')
(9 out of 9) Algorithms/solvers to keep are determined: 0, 1, 2, 3, 4, 5, 6, 7, 8
('inst_per_cls : ', array([   0.,    1.,    2.,    3.,    4.,    5.,    6.,    7.,    8.,
          9.,   10.,   11.,   12.,   13.,   14.,   15.,   16.,   17.,
         18.,   19.,   20.,   21.,   22.,   23.,   24.,   25.,   26.,
         27.,   28.,   29.,   30.,   31.,   32.,   33.,   34.,   35.,
         36.,   37.,   38.,   39.,   40.,   41.,   42.,   43.,   44.,
         45.,   46.,   47.,   48.,   49.,   50.,   51.,   52.,   53.,
         54.,   55.,   56.,   57.,   58.,   59.,   60.,   61.,   62.,
         63.,   64.,   65.,   66.,   67.,   68.,   69.,   70.,   71.,
         72.,   73.,   74.,   75.,   76.,   77.,   78.,   79.,   80.,
         81.,   82.,   83.,   84.,   85.,   86.,   87.,   88.,   89.,
         90.,   91.,   92.,   93.,   94.,   95.,   96.,   97.,   98.,
         99.,  100.,  101.,  102.,  103.,  104.,  105.,  106.,  107.,
        108.,  109.,  110.,  111.,  112.,  113.,  114.,  115.,  116.,
        117.,  118.,  119.,  120.,  121.,  122.,  123.,  124.,  125.,
        126.,  127.,  128.,  129.,  130.,  131.,  132.,  133.,  134.,
        135.,  136.,  137.,  138.,  139.,  140.,  141.,  142.,  143.,
        144.,  145.,  146.,  147.,  148.,  149.,  150.,  151.,  152.,
        153.,  154.,  155.,  156.,  157.,  158.,  159.,  160.,  161.,
        162.,  163.,  164.,  165.,  166.,  167.,  168.,  169.,  170.,
        171.,  172.,  173.,  174.,  175.,  176.,  177.,  178.,  179.,
        180.,  181.,  182.,  183.,  184.,  185.,  186.,  187.,  188.,
        189.,  190.,  191.,  192.,  193.,  194.,  195.,  196.,  197.,
        198.,  199.,  200.,  201.,  202.,  203.,  204.,  205.,  206.,
        207.,  208.,  209.,  210.,  211.,  212.,  213.,  214.,  215.,
        216.,  217.,  218.,  219.,  220.,  221.,  222.,  223.,  224.,
        225.,  226.,  227.,  228.,  229.,  230.,  231.,  232.,  233.,
        234.,  235.,  236.,  237.,  238.,  239.,  240.,  241.,  242.,
        243.,  244.,  245.,  246.,  247.,  248.,  249.,  250.,  251.,
        252.,  253.,  254.,  255.,  256.,  257.,  258.,  259.,  260.,
        261.,  262.,  263.,  264.,  265.,  266.,  267.,  268.,  269.,
        270.,  271.,  272.,  273.,  274.,  275.,  276.,  277.,  278.,
        279.,  280.,  281.,  282.,  283.,  284.,  285.,  286.,  287.,
        288.,  289.,  290.,  291.,  292.,  293.,  294.,  295.,  296.,
        297.,  298.,  299.,  300.,  301.,  302.,  303.,  304.,  305.,
        306.,  307.,  308.,  309.,  310.,  311.,  312.,  313.,  314.,
        315.,  316.,  317.,  318.,  319.,  320.,  321.,  322.,  323.,
        324.,  325.,  326.,  327.,  328.,  329.,  330.,  331.,  332.,
        333.,  334.,  335.,  336.,  337.,  338.,  339.,  340.,  341.,
        342.,  343.,  344.,  345.,  346.,  347.,  348.,  349.,  350.,
        351.,  352.,  353.,  354.,  355.,  356.,  357.,  358.,  359.,
        360.,  361.,  362.,  363.,  364.,  365.,  366.,  367.,  368.,
        369.,  370.,  371.,  372.,  373.,  374.,  375.,  376.,  377.,
        378.,  379.,  380.,  381.,  382.,  383.,  384.,  385.,  386.,
        387.,  388.,  389.,  390.,  391.,  392.,  393.,  394.,  395.,
        396.,  397.,  398.,  399.,  400.,  401.,  402.,  403.,  404.,
        405.,  406.,  407.,  408.,  409.,  410.,  411.,  412.,  413.,
        414.,  415.,  416.,  417.,  418.,  419.,  420.,  421.,  422.,
        423.,  424.,  425.,  426.,  427.,  428.,  429.,  430.,  431.,
        432.,  433.,  434.,  435.,  436.,  437.,  438.,  439.,  440.,
        441.,  442.,  443.,  444.,  445.,  446.,  447.,  448.,  449.,
        450.,  451.,  452.,  453.,  454.,  455.,  456.,  457.,  458.,
        459.,  460.,  461.,  462.,  463.,  464.,  465.,  466.,  467.,
        468.,  469.,  470.,  471.,  472.,  473.,  474.,  475.,  476.,
        477.,  478.,  479.,  480.,  481.,  482.,  483.,  484.,  485.,
        486.,  487.,  488.,  489.,  490.,  491.,  492.,  493.,  494.,
        495.,  496.,  497.,  498.,  499.,  500.,  501.,  502.,  503.,
        504.,  505.,  506.,  507.,  508.,  509.,  510.,  511.,  512.,
        513.,  514.,  515.,  516.,  517.,  518.,  519.,  520.,  521.,
        522.,  523.,  524.,  525.,  526.,  527.,  528.,  529.,  530.,
        531.,  532.,  533.,  534.,  535.,  536.,  537.,  538.,  539.]))
(540 out of 540) Instances to keep are determined: 0.0, 1.0, 2.0, 3.0, 4.0, 5.0, 6.0, 7.0, 8.0, 9.0, 10.0, 11.0, 12.0, 13.0, 14.0, 15.0, 16.0, 17.0, 18.0, 19.0, 20.0, 21.0, 22.0, 23.0, 24.0, 25.0, 26.0, 27.0, 28.0, 29.0, 30.0, 31.0, 32.0, 33.0, 34.0, 35.0, 36.0, 37.0, 38.0, 39.0, 40.0, 41.0, 42.0, 43.0, 44.0, 45.0, 46.0, 47.0, 48.0, 49.0, 50.0, 51.0, 52.0, 53.0, 54.0, 55.0, 56.0, 57.0, 58.0, 59.0, 60.0, 61.0, 62.0, 63.0, 64.0, 65.0, 66.0, 67.0, 68.0, 69.0, 70.0, 71.0, 72.0, 73.0, 74.0, 75.0, 76.0, 77.0, 78.0, 79.0, 80.0, 81.0, 82.0, 83.0, 84.0, 85.0, 86.0, 87.0, 88.0, 89.0, 90.0, 91.0, 92.0, 93.0, 94.0, 95.0, 96.0, 97.0, 98.0, 99.0, 100.0, 101.0, 102.0, 103.0, 104.0, 105.0, 106.0, 107.0, 108.0, 109.0, 110.0, 111.0, 112.0, 113.0, 114.0, 115.0, 116.0, 117.0, 118.0, 119.0, 120.0, 121.0, 122.0, 123.0, 124.0, 125.0, 126.0, 127.0, 128.0, 129.0, 130.0, 131.0, 132.0, 133.0, 134.0, 135.0, 136.0, 137.0, 138.0, 139.0, 140.0, 141.0, 142.0, 143.0, 144.0, 145.0, 146.0, 147.0, 148.0, 149.0, 150.0, 151.0, 152.0, 153.0, 154.0, 155.0, 156.0, 157.0, 158.0, 159.0, 160.0, 161.0, 162.0, 163.0, 164.0, 165.0, 166.0, 167.0, 168.0, 169.0, 170.0, 171.0, 172.0, 173.0, 174.0, 175.0, 176.0, 177.0, 178.0, 179.0, 180.0, 181.0, 182.0, 183.0, 184.0, 185.0, 186.0, 187.0, 188.0, 189.0, 190.0, 191.0, 192.0, 193.0, 194.0, 195.0, 196.0, 197.0, 198.0, 199.0, 200.0, 201.0, 202.0, 203.0, 204.0, 205.0, 206.0, 207.0, 208.0, 209.0, 210.0, 211.0, 212.0, 213.0, 214.0, 215.0, 216.0, 217.0, 218.0, 219.0, 220.0, 221.0, 222.0, 223.0, 224.0, 225.0, 226.0, 227.0, 228.0, 229.0, 230.0, 231.0, 232.0, 233.0, 234.0, 235.0, 236.0, 237.0, 238.0, 239.0, 240.0, 241.0, 242.0, 243.0, 244.0, 245.0, 246.0, 247.0, 248.0, 249.0, 250.0, 251.0, 252.0, 253.0, 254.0, 255.0, 256.0, 257.0, 258.0, 259.0, 260.0, 261.0, 262.0, 263.0, 264.0, 265.0, 266.0, 267.0, 268.0, 269.0, 270.0, 271.0, 272.0, 273.0, 274.0, 275.0, 276.0, 277.0, 278.0, 279.0, 280.0, 281.0, 282.0, 283.0, 284.0, 285.0, 286.0, 287.0, 288.0, 289.0, 290.0, 291.0, 292.0, 293.0, 294.0, 295.0, 296.0, 297.0, 298.0, 299.0, 300.0, 301.0, 302.0, 303.0, 304.0, 305.0, 306.0, 307.0, 308.0, 309.0, 310.0, 311.0, 312.0, 313.0, 314.0, 315.0, 316.0, 317.0, 318.0, 319.0, 320.0, 321.0, 322.0, 323.0, 324.0, 325.0, 326.0, 327.0, 328.0, 329.0, 330.0, 331.0, 332.0, 333.0, 334.0, 335.0, 336.0, 337.0, 338.0, 339.0, 340.0, 341.0, 342.0, 343.0, 344.0, 345.0, 346.0, 347.0, 348.0, 349.0, 350.0, 351.0, 352.0, 353.0, 354.0, 355.0, 356.0, 357.0, 358.0, 359.0, 360.0, 361.0, 362.0, 363.0, 364.0, 365.0, 366.0, 367.0, 368.0, 369.0, 370.0, 371.0, 372.0, 373.0, 374.0, 375.0, 376.0, 377.0, 378.0, 379.0, 380.0, 381.0, 382.0, 383.0, 384.0, 385.0, 386.0, 387.0, 388.0, 389.0, 390.0, 391.0, 392.0, 393.0, 394.0, 395.0, 396.0, 397.0, 398.0, 399.0, 400.0, 401.0, 402.0, 403.0, 404.0, 405.0, 406.0, 407.0, 408.0, 409.0, 410.0, 411.0, 412.0, 413.0, 414.0, 415.0, 416.0, 417.0, 418.0, 419.0, 420.0, 421.0, 422.0, 423.0, 424.0, 425.0, 426.0, 427.0, 428.0, 429.0, 430.0, 431.0, 432.0, 433.0, 434.0, 435.0, 436.0, 437.0, 438.0, 439.0, 440.0, 441.0, 442.0, 443.0, 444.0, 445.0, 446.0, 447.0, 448.0, 449.0, 450.0, 451.0, 452.0, 453.0, 454.0, 455.0, 456.0, 457.0, 458.0, 459.0, 460.0, 461.0, 462.0, 463.0, 464.0, 465.0, 466.0, 467.0, 468.0, 469.0, 470.0, 471.0, 472.0, 473.0, 474.0, 475.0, 476.0, 477.0, 478.0, 479.0, 480.0, 481.0, 482.0, 483.0, 484.0, 485.0, 486.0, 487.0, 488.0, 489.0, 490.0, 491.0, 492.0, 493.0, 494.0, 495.0, 496.0, 497.0, 498.0, 499.0, 500.0, 501.0, 502.0, 503.0, 504.0, 505.0, 506.0, 507.0, 508.0, 509.0, 510.0, 511.0, 512.0, 513.0, 514.0, 515.0, 516.0, 517.0, 518.0, 519.0, 520.0, 521.0, 522.0, 523.0, 524.0, 525.0, 526.0, 527.0, 528.0, 529.0, 530.0, 531.0, 532.0, 533.0, 534.0, 535.0, 536.0, 537.0, 538.0, 539.0
% Backup Solver: MPhaseSAT_M_2011-02-16
% Input Instances for Training: 540 (-unsolvable)
% Used Instances for Training: 540 (-unsolvable)
% Train with RANDOMFOREST-CLASSVOTER
% PAR10 on current test set: 16182.96 (60 instances)
% >>> 5-th iteration<<<
('sr: ', array([ 216491.20386097,   98382.5330412 ,   35580.76143927,
         22930.30429982]), ' - svd_k: ', 4)

opt_portfolio:  [0 0 0 0 0 0 0 0 0]
opt_portfolio v2:  set([0, 1, 2, 3, 4, 5, 6, 7, 8])
('top_ft_inx_arr: ', array([ 0,  1,  2,  3, 15, 21, 22, 23, 25, 26, 30, 31, 32, 33, 34, 35, 36,
       38, 39, 40, 42, 43, 44, 46, 49]))
ft_imp_total =  1.0
ft cv scores:  [ 0.44572865  0.51606448  0.50444268  0.61234046  0.5317764   0.43065933
  0.55111633  0.62400922  0.48817165  0.64632551]
ft cv scores after feature selection:  [ 0.44572865  0.51606448  0.50444268  0.61234046  0.5317764   0.43065933
  0.55111633  0.62400922  0.48817165  0.64632551]
top_ft_inx_arr:  [ 0  1  2  3 15 21 22 23 25 26 30 31 32 33 34 35 36 38 39 40 42 43 44 46 49]
(25 out of 50) Features to keep are determined: 0, 1, 2, 3, 15, 21, 22, 23, 25, 26, 30, 31, 32, 33, 34, 35, 36, 38, 39, 40, 42, 43, 44, 46, 49
('No algorithm subset selection, just get the optimal portfolio: ', '0, 1, 2, 3, 4, 5, 6, 7, 8')
(9 out of 9) Algorithms/solvers to keep are determined: 0, 1, 2, 3, 4, 5, 6, 7, 8
('inst_per_cls : ', array([   0.,    1.,    2.,    3.,    4.,    5.,    6.,    7.,    8.,
          9.,   10.,   11.,   12.,   13.,   14.,   15.,   16.,   17.,
         18.,   19.,   20.,   21.,   22.,   23.,   24.,   25.,   26.,
         27.,   28.,   29.,   30.,   31.,   32.,   33.,   34.,   35.,
         36.,   37.,   38.,   39.,   40.,   41.,   42.,   43.,   44.,
         45.,   46.,   47.,   48.,   49.,   50.,   51.,   52.,   53.,
         54.,   55.,   56.,   57.,   58.,   59.,   60.,   61.,   62.,
         63.,   64.,   65.,   66.,   67.,   68.,   69.,   70.,   71.,
         72.,   73.,   74.,   75.,   76.,   77.,   78.,   79.,   80.,
         81.,   82.,   83.,   84.,   85.,   86.,   87.,   88.,   89.,
         90.,   91.,   92.,   93.,   94.,   95.,   96.,   97.,   98.,
         99.,  100.,  101.,  102.,  103.,  104.,  105.,  106.,  107.,
        108.,  109.,  110.,  111.,  112.,  113.,  114.,  115.,  116.,
        117.,  118.,  119.,  120.,  121.,  122.,  123.,  124.,  125.,
        126.,  127.,  128.,  129.,  130.,  131.,  132.,  133.,  134.,
        135.,  136.,  137.,  138.,  139.,  140.,  141.,  142.,  143.,
        144.,  145.,  146.,  147.,  148.,  149.,  150.,  151.,  152.,
        153.,  154.,  155.,  156.,  157.,  158.,  159.,  160.,  161.,
        162.,  163.,  164.,  165.,  166.,  167.,  168.,  169.,  170.,
        171.,  172.,  173.,  174.,  175.,  176.,  177.,  178.,  179.,
        180.,  181.,  182.,  183.,  184.,  185.,  186.,  187.,  188.,
        189.,  190.,  191.,  192.,  193.,  194.,  195.,  196.,  197.,
        198.,  199.,  200.,  201.,  202.,  203.,  204.,  205.,  206.,
        207.,  208.,  209.,  210.,  211.,  212.,  213.,  214.,  215.,
        216.,  217.,  218.,  219.,  220.,  221.,  222.,  223.,  224.,
        225.,  226.,  227.,  228.,  229.,  230.,  231.,  232.,  233.,
        234.,  235.,  236.,  237.,  238.,  239.,  240.,  241.,  242.,
        243.,  244.,  245.,  246.,  247.,  248.,  249.,  250.,  251.,
        252.,  253.,  254.,  255.,  256.,  257.,  258.,  259.,  260.,
        261.,  262.,  263.,  264.,  265.,  266.,  267.,  268.,  269.,
        270.,  271.,  272.,  273.,  274.,  275.,  276.,  277.,  278.,
        279.,  280.,  281.,  282.,  283.,  284.,  285.,  286.,  287.,
        288.,  289.,  290.,  291.,  292.,  293.,  294.,  295.,  296.,
        297.,  298.,  299.,  300.,  301.,  302.,  303.,  304.,  305.,
        306.,  307.,  308.,  309.,  310.,  311.,  312.,  313.,  314.,
        315.,  316.,  317.,  318.,  319.,  320.,  321.,  322.,  323.,
        324.,  325.,  326.,  327.,  328.,  329.,  330.,  331.,  332.,
        333.,  334.,  335.,  336.,  337.,  338.,  339.,  340.,  341.,
        342.,  343.,  344.,  345.,  346.,  347.,  348.,  349.,  350.,
        351.,  352.,  353.,  354.,  355.,  356.,  357.,  358.,  359.,
        360.,  361.,  362.,  363.,  364.,  365.,  366.,  367.,  368.,
        369.,  370.,  371.,  372.,  373.,  374.,  375.,  376.,  377.,
        378.,  379.,  380.,  381.,  382.,  383.,  384.,  385.,  386.,
        387.,  388.,  389.,  390.,  391.,  392.,  393.,  394.,  395.,
        396.,  397.,  398.,  399.,  400.,  401.,  402.,  403.,  404.,
        405.,  406.,  407.,  408.,  409.,  410.,  411.,  412.,  413.,
        414.,  415.,  416.,  417.,  418.,  419.,  420.,  421.,  422.,
        423.,  424.,  425.,  426.,  427.,  428.,  429.,  430.,  431.,
        432.,  433.,  434.,  435.,  436.,  437.,  438.,  439.,  440.,
        441.,  442.,  443.,  444.,  445.,  446.,  447.,  448.,  449.,
        450.,  451.,  452.,  453.,  454.,  455.,  456.,  457.,  458.,
        459.,  460.,  461.,  462.,  463.,  464.,  465.,  466.,  467.,
        468.,  469.,  470.,  471.,  472.,  473.,  474.,  475.,  476.,
        477.,  478.,  479.,  480.,  481.,  482.,  483.,  484.,  485.,
        486.,  487.,  488.,  489.,  490.,  491.,  492.,  493.,  494.,
        495.,  496.,  497.,  498.,  499.,  500.,  501.,  502.,  503.,
        504.,  505.,  506.,  507.,  508.,  509.,  510.,  511.,  512.,
        513.,  514.,  515.,  516.,  517.,  518.,  519.,  520.,  521.,
        522.,  523.,  524.,  525.,  526.,  527.,  528.,  529.,  530.,
        531.,  532.,  533.,  534.,  535.,  536.,  537.,  538.,  539.]))
(540 out of 540) Instances to keep are determined: 0.0, 1.0, 2.0, 3.0, 4.0, 5.0, 6.0, 7.0, 8.0, 9.0, 10.0, 11.0, 12.0, 13.0, 14.0, 15.0, 16.0, 17.0, 18.0, 19.0, 20.0, 21.0, 22.0, 23.0, 24.0, 25.0, 26.0, 27.0, 28.0, 29.0, 30.0, 31.0, 32.0, 33.0, 34.0, 35.0, 36.0, 37.0, 38.0, 39.0, 40.0, 41.0, 42.0, 43.0, 44.0, 45.0, 46.0, 47.0, 48.0, 49.0, 50.0, 51.0, 52.0, 53.0, 54.0, 55.0, 56.0, 57.0, 58.0, 59.0, 60.0, 61.0, 62.0, 63.0, 64.0, 65.0, 66.0, 67.0, 68.0, 69.0, 70.0, 71.0, 72.0, 73.0, 74.0, 75.0, 76.0, 77.0, 78.0, 79.0, 80.0, 81.0, 82.0, 83.0, 84.0, 85.0, 86.0, 87.0, 88.0, 89.0, 90.0, 91.0, 92.0, 93.0, 94.0, 95.0, 96.0, 97.0, 98.0, 99.0, 100.0, 101.0, 102.0, 103.0, 104.0, 105.0, 106.0, 107.0, 108.0, 109.0, 110.0, 111.0, 112.0, 113.0, 114.0, 115.0, 116.0, 117.0, 118.0, 119.0, 120.0, 121.0, 122.0, 123.0, 124.0, 125.0, 126.0, 127.0, 128.0, 129.0, 130.0, 131.0, 132.0, 133.0, 134.0, 135.0, 136.0, 137.0, 138.0, 139.0, 140.0, 141.0, 142.0, 143.0, 144.0, 145.0, 146.0, 147.0, 148.0, 149.0, 150.0, 151.0, 152.0, 153.0, 154.0, 155.0, 156.0, 157.0, 158.0, 159.0, 160.0, 161.0, 162.0, 163.0, 164.0, 165.0, 166.0, 167.0, 168.0, 169.0, 170.0, 171.0, 172.0, 173.0, 174.0, 175.0, 176.0, 177.0, 178.0, 179.0, 180.0, 181.0, 182.0, 183.0, 184.0, 185.0, 186.0, 187.0, 188.0, 189.0, 190.0, 191.0, 192.0, 193.0, 194.0, 195.0, 196.0, 197.0, 198.0, 199.0, 200.0, 201.0, 202.0, 203.0, 204.0, 205.0, 206.0, 207.0, 208.0, 209.0, 210.0, 211.0, 212.0, 213.0, 214.0, 215.0, 216.0, 217.0, 218.0, 219.0, 220.0, 221.0, 222.0, 223.0, 224.0, 225.0, 226.0, 227.0, 228.0, 229.0, 230.0, 231.0, 232.0, 233.0, 234.0, 235.0, 236.0, 237.0, 238.0, 239.0, 240.0, 241.0, 242.0, 243.0, 244.0, 245.0, 246.0, 247.0, 248.0, 249.0, 250.0, 251.0, 252.0, 253.0, 254.0, 255.0, 256.0, 257.0, 258.0, 259.0, 260.0, 261.0, 262.0, 263.0, 264.0, 265.0, 266.0, 267.0, 268.0, 269.0, 270.0, 271.0, 272.0, 273.0, 274.0, 275.0, 276.0, 277.0, 278.0, 279.0, 280.0, 281.0, 282.0, 283.0, 284.0, 285.0, 286.0, 287.0, 288.0, 289.0, 290.0, 291.0, 292.0, 293.0, 294.0, 295.0, 296.0, 297.0, 298.0, 299.0, 300.0, 301.0, 302.0, 303.0, 304.0, 305.0, 306.0, 307.0, 308.0, 309.0, 310.0, 311.0, 312.0, 313.0, 314.0, 315.0, 316.0, 317.0, 318.0, 319.0, 320.0, 321.0, 322.0, 323.0, 324.0, 325.0, 326.0, 327.0, 328.0, 329.0, 330.0, 331.0, 332.0, 333.0, 334.0, 335.0, 336.0, 337.0, 338.0, 339.0, 340.0, 341.0, 342.0, 343.0, 344.0, 345.0, 346.0, 347.0, 348.0, 349.0, 350.0, 351.0, 352.0, 353.0, 354.0, 355.0, 356.0, 357.0, 358.0, 359.0, 360.0, 361.0, 362.0, 363.0, 364.0, 365.0, 366.0, 367.0, 368.0, 369.0, 370.0, 371.0, 372.0, 373.0, 374.0, 375.0, 376.0, 377.0, 378.0, 379.0, 380.0, 381.0, 382.0, 383.0, 384.0, 385.0, 386.0, 387.0, 388.0, 389.0, 390.0, 391.0, 392.0, 393.0, 394.0, 395.0, 396.0, 397.0, 398.0, 399.0, 400.0, 401.0, 402.0, 403.0, 404.0, 405.0, 406.0, 407.0, 408.0, 409.0, 410.0, 411.0, 412.0, 413.0, 414.0, 415.0, 416.0, 417.0, 418.0, 419.0, 420.0, 421.0, 422.0, 423.0, 424.0, 425.0, 426.0, 427.0, 428.0, 429.0, 430.0, 431.0, 432.0, 433.0, 434.0, 435.0, 436.0, 437.0, 438.0, 439.0, 440.0, 441.0, 442.0, 443.0, 444.0, 445.0, 446.0, 447.0, 448.0, 449.0, 450.0, 451.0, 452.0, 453.0, 454.0, 455.0, 456.0, 457.0, 458.0, 459.0, 460.0, 461.0, 462.0, 463.0, 464.0, 465.0, 466.0, 467.0, 468.0, 469.0, 470.0, 471.0, 472.0, 473.0, 474.0, 475.0, 476.0, 477.0, 478.0, 479.0, 480.0, 481.0, 482.0, 483.0, 484.0, 485.0, 486.0, 487.0, 488.0, 489.0, 490.0, 491.0, 492.0, 493.0, 494.0, 495.0, 496.0, 497.0, 498.0, 499.0, 500.0, 501.0, 502.0, 503.0, 504.0, 505.0, 506.0, 507.0, 508.0, 509.0, 510.0, 511.0, 512.0, 513.0, 514.0, 515.0, 516.0, 517.0, 518.0, 519.0, 520.0, 521.0, 522.0, 523.0, 524.0, 525.0, 526.0, 527.0, 528.0, 529.0, 530.0, 531.0, 532.0, 533.0, 534.0, 535.0, 536.0, 537.0, 538.0, 539.0
% Backup Solver: sparrow2011_sparrow2011_ubcsat1.2_2011-03-02
% Input Instances for Training: 540 (-unsolvable)
% Used Instances for Training: 540 (-unsolvable)
% Train with RANDOMFOREST-CLASSVOTER
% PAR10 on current test set: 10206.07 (60 instances)
% >>> 6-th iteration<<<
('sr: ', array([ 217452.54542354,   98433.42015643,   35482.87392067,
         23020.61470256]), ' - svd_k: ', 4)

opt_portfolio:  [0 0 0 0 0 0 0 0 0]
opt_portfolio v2:  set([0, 1, 2, 3, 4, 5, 6, 7, 8])
('top_ft_inx_arr: ', array([ 1,  2,  3, 11, 12, 20, 22, 23, 24, 25, 26, 30, 31, 32, 33, 35, 36,
       38, 39, 41, 42, 43, 44, 46, 49]))
ft_imp_total =  1.0
ft cv scores:  [ 0.51658508  0.49756624  0.54669779  0.60948802  0.62143647  0.45946331
  0.6272643   0.61021437  0.50082754  0.54840003]
ft cv scores after feature selection:  [ 0.51658508  0.49756624  0.54669779  0.60948802  0.62143647  0.45946331
  0.6272643   0.61021437  0.50082754  0.54840003]
top_ft_inx_arr:  [ 1  2  3 11 12 20 22 23 24 25 26 30 31 32 33 35 36 38 39 41 42 43 44 46 49]
(25 out of 50) Features to keep are determined: 1, 2, 3, 11, 12, 20, 22, 23, 24, 25, 26, 30, 31, 32, 33, 35, 36, 38, 39, 41, 42, 43, 44, 46, 49
('No algorithm subset selection, just get the optimal portfolio: ', '0, 1, 2, 3, 4, 5, 6, 7, 8')
(9 out of 9) Algorithms/solvers to keep are determined: 0, 1, 2, 3, 4, 5, 6, 7, 8
('inst_per_cls : ', array([   0.,    1.,    2.,    3.,    4.,    5.,    6.,    7.,    8.,
          9.,   10.,   11.,   12.,   13.,   14.,   15.,   16.,   17.,
         18.,   19.,   20.,   21.,   22.,   23.,   24.,   25.,   26.,
         27.,   28.,   29.,   30.,   31.,   32.,   33.,   34.,   35.,
         36.,   37.,   38.,   39.,   40.,   41.,   42.,   43.,   44.,
         45.,   46.,   47.,   48.,   49.,   50.,   51.,   52.,   53.,
         54.,   55.,   56.,   57.,   58.,   59.,   60.,   61.,   62.,
         63.,   64.,   65.,   66.,   67.,   68.,   69.,   70.,   71.,
         72.,   73.,   74.,   75.,   76.,   77.,   78.,   79.,   80.,
         81.,   82.,   83.,   84.,   85.,   86.,   87.,   88.,   89.,
         90.,   91.,   92.,   93.,   94.,   95.,   96.,   97.,   98.,
         99.,  100.,  101.,  102.,  103.,  104.,  105.,  106.,  107.,
        108.,  109.,  110.,  111.,  112.,  113.,  114.,  115.,  116.,
        117.,  118.,  119.,  120.,  121.,  122.,  123.,  124.,  125.,
        126.,  127.,  128.,  129.,  130.,  131.,  132.,  133.,  134.,
        135.,  136.,  137.,  138.,  139.,  140.,  141.,  142.,  143.,
        144.,  145.,  146.,  147.,  148.,  149.,  150.,  151.,  152.,
        153.,  154.,  155.,  156.,  157.,  158.,  159.,  160.,  161.,
        162.,  163.,  164.,  165.,  166.,  167.,  168.,  169.,  170.,
        171.,  172.,  173.,  174.,  175.,  176.,  177.,  178.,  179.,
        180.,  181.,  182.,  183.,  184.,  185.,  186.,  187.,  188.,
        189.,  190.,  191.,  192.,  193.,  194.,  195.,  196.,  197.,
        198.,  199.,  200.,  201.,  202.,  203.,  204.,  205.,  206.,
        207.,  208.,  209.,  210.,  211.,  212.,  213.,  214.,  215.,
        216.,  217.,  218.,  219.,  220.,  221.,  222.,  223.,  224.,
        225.,  226.,  227.,  228.,  229.,  230.,  231.,  232.,  233.,
        234.,  235.,  236.,  237.,  238.,  239.,  240.,  241.,  242.,
        243.,  244.,  245.,  246.,  247.,  248.,  249.,  250.,  251.,
        252.,  253.,  254.,  255.,  256.,  257.,  258.,  259.,  260.,
        261.,  262.,  263.,  264.,  265.,  266.,  267.,  268.,  269.,
        270.,  271.,  272.,  273.,  274.,  275.,  276.,  277.,  278.,
        279.,  280.,  281.,  282.,  283.,  284.,  285.,  286.,  287.,
        288.,  289.,  290.,  291.,  292.,  293.,  294.,  295.,  296.,
        297.,  298.,  299.,  300.,  301.,  302.,  303.,  304.,  305.,
        306.,  307.,  308.,  309.,  310.,  311.,  312.,  313.,  314.,
        315.,  316.,  317.,  318.,  319.,  320.,  321.,  322.,  323.,
        324.,  325.,  326.,  327.,  328.,  329.,  330.,  331.,  332.,
        333.,  334.,  335.,  336.,  337.,  338.,  339.,  340.,  341.,
        342.,  343.,  344.,  345.,  346.,  347.,  348.,  349.,  350.,
        351.,  352.,  353.,  354.,  355.,  356.,  357.,  358.,  359.,
        360.,  361.,  362.,  363.,  364.,  365.,  366.,  367.,  368.,
        369.,  370.,  371.,  372.,  373.,  374.,  375.,  376.,  377.,
        378.,  379.,  380.,  381.,  382.,  383.,  384.,  385.,  386.,
        387.,  388.,  389.,  390.,  391.,  392.,  393.,  394.,  395.,
        396.,  397.,  398.,  399.,  400.,  401.,  402.,  403.,  404.,
        405.,  406.,  407.,  408.,  409.,  410.,  411.,  412.,  413.,
        414.,  415.,  416.,  417.,  418.,  419.,  420.,  421.,  422.,
        423.,  424.,  425.,  426.,  427.,  428.,  429.,  430.,  431.,
        432.,  433.,  434.,  435.,  436.,  437.,  438.,  439.,  440.,
        441.,  442.,  443.,  444.,  445.,  446.,  447.,  448.,  449.,
        450.,  451.,  452.,  453.,  454.,  455.,  456.,  457.,  458.,
        459.,  460.,  461.,  462.,  463.,  464.,  465.,  466.,  467.,
        468.,  469.,  470.,  471.,  472.,  473.,  474.,  475.,  476.,
        477.,  478.,  479.,  480.,  481.,  482.,  483.,  484.,  485.,
        486.,  487.,  488.,  489.,  490.,  491.,  492.,  493.,  494.,
        495.,  496.,  497.,  498.,  499.,  500.,  501.,  502.,  503.,
        504.,  505.,  506.,  507.,  508.,  509.,  510.,  511.,  512.,
        513.,  514.,  515.,  516.,  517.,  518.,  519.,  520.,  521.,
        522.,  523.,  524.,  525.,  526.,  527.,  528.,  529.,  530.,
        531.,  532.,  533.,  534.,  535.,  536.,  537.,  538.,  539.]))
(540 out of 540) Instances to keep are determined: 0.0, 1.0, 2.0, 3.0, 4.0, 5.0, 6.0, 7.0, 8.0, 9.0, 10.0, 11.0, 12.0, 13.0, 14.0, 15.0, 16.0, 17.0, 18.0, 19.0, 20.0, 21.0, 22.0, 23.0, 24.0, 25.0, 26.0, 27.0, 28.0, 29.0, 30.0, 31.0, 32.0, 33.0, 34.0, 35.0, 36.0, 37.0, 38.0, 39.0, 40.0, 41.0, 42.0, 43.0, 44.0, 45.0, 46.0, 47.0, 48.0, 49.0, 50.0, 51.0, 52.0, 53.0, 54.0, 55.0, 56.0, 57.0, 58.0, 59.0, 60.0, 61.0, 62.0, 63.0, 64.0, 65.0, 66.0, 67.0, 68.0, 69.0, 70.0, 71.0, 72.0, 73.0, 74.0, 75.0, 76.0, 77.0, 78.0, 79.0, 80.0, 81.0, 82.0, 83.0, 84.0, 85.0, 86.0, 87.0, 88.0, 89.0, 90.0, 91.0, 92.0, 93.0, 94.0, 95.0, 96.0, 97.0, 98.0, 99.0, 100.0, 101.0, 102.0, 103.0, 104.0, 105.0, 106.0, 107.0, 108.0, 109.0, 110.0, 111.0, 112.0, 113.0, 114.0, 115.0, 116.0, 117.0, 118.0, 119.0, 120.0, 121.0, 122.0, 123.0, 124.0, 125.0, 126.0, 127.0, 128.0, 129.0, 130.0, 131.0, 132.0, 133.0, 134.0, 135.0, 136.0, 137.0, 138.0, 139.0, 140.0, 141.0, 142.0, 143.0, 144.0, 145.0, 146.0, 147.0, 148.0, 149.0, 150.0, 151.0, 152.0, 153.0, 154.0, 155.0, 156.0, 157.0, 158.0, 159.0, 160.0, 161.0, 162.0, 163.0, 164.0, 165.0, 166.0, 167.0, 168.0, 169.0, 170.0, 171.0, 172.0, 173.0, 174.0, 175.0, 176.0, 177.0, 178.0, 179.0, 180.0, 181.0, 182.0, 183.0, 184.0, 185.0, 186.0, 187.0, 188.0, 189.0, 190.0, 191.0, 192.0, 193.0, 194.0, 195.0, 196.0, 197.0, 198.0, 199.0, 200.0, 201.0, 202.0, 203.0, 204.0, 205.0, 206.0, 207.0, 208.0, 209.0, 210.0, 211.0, 212.0, 213.0, 214.0, 215.0, 216.0, 217.0, 218.0, 219.0, 220.0, 221.0, 222.0, 223.0, 224.0, 225.0, 226.0, 227.0, 228.0, 229.0, 230.0, 231.0, 232.0, 233.0, 234.0, 235.0, 236.0, 237.0, 238.0, 239.0, 240.0, 241.0, 242.0, 243.0, 244.0, 245.0, 246.0, 247.0, 248.0, 249.0, 250.0, 251.0, 252.0, 253.0, 254.0, 255.0, 256.0, 257.0, 258.0, 259.0, 260.0, 261.0, 262.0, 263.0, 264.0, 265.0, 266.0, 267.0, 268.0, 269.0, 270.0, 271.0, 272.0, 273.0, 274.0, 275.0, 276.0, 277.0, 278.0, 279.0, 280.0, 281.0, 282.0, 283.0, 284.0, 285.0, 286.0, 287.0, 288.0, 289.0, 290.0, 291.0, 292.0, 293.0, 294.0, 295.0, 296.0, 297.0, 298.0, 299.0, 300.0, 301.0, 302.0, 303.0, 304.0, 305.0, 306.0, 307.0, 308.0, 309.0, 310.0, 311.0, 312.0, 313.0, 314.0, 315.0, 316.0, 317.0, 318.0, 319.0, 320.0, 321.0, 322.0, 323.0, 324.0, 325.0, 326.0, 327.0, 328.0, 329.0, 330.0, 331.0, 332.0, 333.0, 334.0, 335.0, 336.0, 337.0, 338.0, 339.0, 340.0, 341.0, 342.0, 343.0, 344.0, 345.0, 346.0, 347.0, 348.0, 349.0, 350.0, 351.0, 352.0, 353.0, 354.0, 355.0, 356.0, 357.0, 358.0, 359.0, 360.0, 361.0, 362.0, 363.0, 364.0, 365.0, 366.0, 367.0, 368.0, 369.0, 370.0, 371.0, 372.0, 373.0, 374.0, 375.0, 376.0, 377.0, 378.0, 379.0, 380.0, 381.0, 382.0, 383.0, 384.0, 385.0, 386.0, 387.0, 388.0, 389.0, 390.0, 391.0, 392.0, 393.0, 394.0, 395.0, 396.0, 397.0, 398.0, 399.0, 400.0, 401.0, 402.0, 403.0, 404.0, 405.0, 406.0, 407.0, 408.0, 409.0, 410.0, 411.0, 412.0, 413.0, 414.0, 415.0, 416.0, 417.0, 418.0, 419.0, 420.0, 421.0, 422.0, 423.0, 424.0, 425.0, 426.0, 427.0, 428.0, 429.0, 430.0, 431.0, 432.0, 433.0, 434.0, 435.0, 436.0, 437.0, 438.0, 439.0, 440.0, 441.0, 442.0, 443.0, 444.0, 445.0, 446.0, 447.0, 448.0, 449.0, 450.0, 451.0, 452.0, 453.0, 454.0, 455.0, 456.0, 457.0, 458.0, 459.0, 460.0, 461.0, 462.0, 463.0, 464.0, 465.0, 466.0, 467.0, 468.0, 469.0, 470.0, 471.0, 472.0, 473.0, 474.0, 475.0, 476.0, 477.0, 478.0, 479.0, 480.0, 481.0, 482.0, 483.0, 484.0, 485.0, 486.0, 487.0, 488.0, 489.0, 490.0, 491.0, 492.0, 493.0, 494.0, 495.0, 496.0, 497.0, 498.0, 499.0, 500.0, 501.0, 502.0, 503.0, 504.0, 505.0, 506.0, 507.0, 508.0, 509.0, 510.0, 511.0, 512.0, 513.0, 514.0, 515.0, 516.0, 517.0, 518.0, 519.0, 520.0, 521.0, 522.0, 523.0, 524.0, 525.0, 526.0, 527.0, 528.0, 529.0, 530.0, 531.0, 532.0, 533.0, 534.0, 535.0, 536.0, 537.0, 538.0, 539.0
% Backup Solver: sparrow2011_sparrow2011_ubcsat1.2_2011-03-02
% Input Instances for Training: 540 (-unsolvable)
% Used Instances for Training: 540 (-unsolvable)
% Train with RANDOMFOREST-CLASSVOTER
% PAR10 on current test set: 8532.02 (60 instances)
% >>> 7-th iteration<<<
('sr: ', array([ 218239.2613914 ,   97035.00174599,   35011.78170227,
         22544.89037019]), ' - svd_k: ', 4)

opt_portfolio:  [0 0 0 0 0 0 0 0 0]
opt_portfolio v2:  set([0, 1, 2, 3, 4, 5, 6, 7, 8])
('top_ft_inx_arr: ', array([ 0,  1,  2,  3,  4,  8, 14, 15, 22, 23, 24, 25, 26, 30, 31, 32, 33,
       35, 36, 37, 38, 39, 44, 45, 47]))
ft_imp_total =  1.0
ft cv scores:  [ 0.47816558  0.53754595  0.47872522  0.67064002  0.61452025  0.41533823
  0.61155541  0.52730078  0.39682122  0.51700736]
ft cv scores after feature selection:  [ 0.47816558  0.53754595  0.47872522  0.67064002  0.61452025  0.41533823
  0.61155541  0.52730078  0.39682122  0.51700736]
top_ft_inx_arr:  [ 0  1  2  3  4  8 14 15 22 23 24 25 26 30 31 32 33 35 36 37 38 39 44 45 47]
(25 out of 50) Features to keep are determined: 0, 1, 2, 3, 4, 8, 14, 15, 22, 23, 24, 25, 26, 30, 31, 32, 33, 35, 36, 37, 38, 39, 44, 45, 47
('No algorithm subset selection, just get the optimal portfolio: ', '0, 1, 2, 3, 4, 5, 6, 7, 8')
(9 out of 9) Algorithms/solvers to keep are determined: 0, 1, 2, 3, 4, 5, 6, 7, 8
('inst_per_cls : ', array([   0.,    1.,    2.,    3.,    4.,    5.,    6.,    7.,    8.,
          9.,   10.,   11.,   12.,   13.,   14.,   15.,   16.,   17.,
         18.,   19.,   20.,   21.,   22.,   23.,   24.,   25.,   26.,
         27.,   28.,   29.,   30.,   31.,   32.,   33.,   34.,   35.,
         36.,   37.,   38.,   39.,   40.,   41.,   42.,   43.,   44.,
         45.,   46.,   47.,   48.,   49.,   50.,   51.,   52.,   53.,
         54.,   55.,   56.,   57.,   58.,   59.,   60.,   61.,   62.,
         63.,   64.,   65.,   66.,   67.,   68.,   69.,   70.,   71.,
         72.,   73.,   74.,   75.,   76.,   77.,   78.,   79.,   80.,
         81.,   82.,   83.,   84.,   85.,   86.,   87.,   88.,   89.,
         90.,   91.,   92.,   93.,   94.,   95.,   96.,   97.,   98.,
         99.,  100.,  101.,  102.,  103.,  104.,  105.,  106.,  107.,
        108.,  109.,  110.,  111.,  112.,  113.,  114.,  115.,  116.,
        117.,  118.,  119.,  120.,  121.,  122.,  123.,  124.,  125.,
        126.,  127.,  128.,  129.,  130.,  131.,  132.,  133.,  134.,
        135.,  136.,  137.,  138.,  139.,  140.,  141.,  142.,  143.,
        144.,  145.,  146.,  147.,  148.,  149.,  150.,  151.,  152.,
        153.,  154.,  155.,  156.,  157.,  158.,  159.,  160.,  161.,
        162.,  163.,  164.,  165.,  166.,  167.,  168.,  169.,  170.,
        171.,  172.,  173.,  174.,  175.,  176.,  177.,  178.,  179.,
        180.,  181.,  182.,  183.,  184.,  185.,  186.,  187.,  188.,
        189.,  190.,  191.,  192.,  193.,  194.,  195.,  196.,  197.,
        198.,  199.,  200.,  201.,  202.,  203.,  204.,  205.,  206.,
        207.,  208.,  209.,  210.,  211.,  212.,  213.,  214.,  215.,
        216.,  217.,  218.,  219.,  220.,  221.,  222.,  223.,  224.,
        225.,  226.,  227.,  228.,  229.,  230.,  231.,  232.,  233.,
        234.,  235.,  236.,  237.,  238.,  239.,  240.,  241.,  242.,
        243.,  244.,  245.,  246.,  247.,  248.,  249.,  250.,  251.,
        252.,  253.,  254.,  255.,  256.,  257.,  258.,  259.,  260.,
        261.,  262.,  263.,  264.,  265.,  266.,  267.,  268.,  269.,
        270.,  271.,  272.,  273.,  274.,  275.,  276.,  277.,  278.,
        279.,  280.,  281.,  282.,  283.,  284.,  285.,  286.,  287.,
        288.,  289.,  290.,  291.,  292.,  293.,  294.,  295.,  296.,
        297.,  298.,  299.,  300.,  301.,  302.,  303.,  304.,  305.,
        306.,  307.,  308.,  309.,  310.,  311.,  312.,  313.,  314.,
        315.,  316.,  317.,  318.,  319.,  320.,  321.,  322.,  323.,
        324.,  325.,  326.,  327.,  328.,  329.,  330.,  331.,  332.,
        333.,  334.,  335.,  336.,  337.,  338.,  339.,  340.,  341.,
        342.,  343.,  344.,  345.,  346.,  347.,  348.,  349.,  350.,
        351.,  352.,  353.,  354.,  355.,  356.,  357.,  358.,  359.,
        360.,  361.,  362.,  363.,  364.,  365.,  366.,  367.,  368.,
        369.,  370.,  371.,  372.,  373.,  374.,  375.,  376.,  377.,
        378.,  379.,  380.,  381.,  382.,  383.,  384.,  385.,  386.,
        387.,  388.,  389.,  390.,  391.,  392.,  393.,  394.,  395.,
        396.,  397.,  398.,  399.,  400.,  401.,  402.,  403.,  404.,
        405.,  406.,  407.,  408.,  409.,  410.,  411.,  412.,  413.,
        414.,  415.,  416.,  417.,  418.,  419.,  420.,  421.,  422.,
        423.,  424.,  425.,  426.,  427.,  428.,  429.,  430.,  431.,
        432.,  433.,  434.,  435.,  436.,  437.,  438.,  439.,  440.,
        441.,  442.,  443.,  444.,  445.,  446.,  447.,  448.,  449.,
        450.,  451.,  452.,  453.,  454.,  455.,  456.,  457.,  458.,
        459.,  460.,  461.,  462.,  463.,  464.,  465.,  466.,  467.,
        468.,  469.,  470.,  471.,  472.,  473.,  474.,  475.,  476.,
        477.,  478.,  479.,  480.,  481.,  482.,  483.,  484.,  485.,
        486.,  487.,  488.,  489.,  490.,  491.,  492.,  493.,  494.,
        495.,  496.,  497.,  498.,  499.,  500.,  501.,  502.,  503.,
        504.,  505.,  506.,  507.,  508.,  509.,  510.,  511.,  512.,
        513.,  514.,  515.,  516.,  517.,  518.,  519.,  520.,  521.,
        522.,  523.,  524.,  525.,  526.,  527.,  528.,  529.,  530.,
        531.,  532.,  533.,  534.,  535.,  536.,  537.,  538.,  539.]))
(540 out of 540) Instances to keep are determined: 0.0, 1.0, 2.0, 3.0, 4.0, 5.0, 6.0, 7.0, 8.0, 9.0, 10.0, 11.0, 12.0, 13.0, 14.0, 15.0, 16.0, 17.0, 18.0, 19.0, 20.0, 21.0, 22.0, 23.0, 24.0, 25.0, 26.0, 27.0, 28.0, 29.0, 30.0, 31.0, 32.0, 33.0, 34.0, 35.0, 36.0, 37.0, 38.0, 39.0, 40.0, 41.0, 42.0, 43.0, 44.0, 45.0, 46.0, 47.0, 48.0, 49.0, 50.0, 51.0, 52.0, 53.0, 54.0, 55.0, 56.0, 57.0, 58.0, 59.0, 60.0, 61.0, 62.0, 63.0, 64.0, 65.0, 66.0, 67.0, 68.0, 69.0, 70.0, 71.0, 72.0, 73.0, 74.0, 75.0, 76.0, 77.0, 78.0, 79.0, 80.0, 81.0, 82.0, 83.0, 84.0, 85.0, 86.0, 87.0, 88.0, 89.0, 90.0, 91.0, 92.0, 93.0, 94.0, 95.0, 96.0, 97.0, 98.0, 99.0, 100.0, 101.0, 102.0, 103.0, 104.0, 105.0, 106.0, 107.0, 108.0, 109.0, 110.0, 111.0, 112.0, 113.0, 114.0, 115.0, 116.0, 117.0, 118.0, 119.0, 120.0, 121.0, 122.0, 123.0, 124.0, 125.0, 126.0, 127.0, 128.0, 129.0, 130.0, 131.0, 132.0, 133.0, 134.0, 135.0, 136.0, 137.0, 138.0, 139.0, 140.0, 141.0, 142.0, 143.0, 144.0, 145.0, 146.0, 147.0, 148.0, 149.0, 150.0, 151.0, 152.0, 153.0, 154.0, 155.0, 156.0, 157.0, 158.0, 159.0, 160.0, 161.0, 162.0, 163.0, 164.0, 165.0, 166.0, 167.0, 168.0, 169.0, 170.0, 171.0, 172.0, 173.0, 174.0, 175.0, 176.0, 177.0, 178.0, 179.0, 180.0, 181.0, 182.0, 183.0, 184.0, 185.0, 186.0, 187.0, 188.0, 189.0, 190.0, 191.0, 192.0, 193.0, 194.0, 195.0, 196.0, 197.0, 198.0, 199.0, 200.0, 201.0, 202.0, 203.0, 204.0, 205.0, 206.0, 207.0, 208.0, 209.0, 210.0, 211.0, 212.0, 213.0, 214.0, 215.0, 216.0, 217.0, 218.0, 219.0, 220.0, 221.0, 222.0, 223.0, 224.0, 225.0, 226.0, 227.0, 228.0, 229.0, 230.0, 231.0, 232.0, 233.0, 234.0, 235.0, 236.0, 237.0, 238.0, 239.0, 240.0, 241.0, 242.0, 243.0, 244.0, 245.0, 246.0, 247.0, 248.0, 249.0, 250.0, 251.0, 252.0, 253.0, 254.0, 255.0, 256.0, 257.0, 258.0, 259.0, 260.0, 261.0, 262.0, 263.0, 264.0, 265.0, 266.0, 267.0, 268.0, 269.0, 270.0, 271.0, 272.0, 273.0, 274.0, 275.0, 276.0, 277.0, 278.0, 279.0, 280.0, 281.0, 282.0, 283.0, 284.0, 285.0, 286.0, 287.0, 288.0, 289.0, 290.0, 291.0, 292.0, 293.0, 294.0, 295.0, 296.0, 297.0, 298.0, 299.0, 300.0, 301.0, 302.0, 303.0, 304.0, 305.0, 306.0, 307.0, 308.0, 309.0, 310.0, 311.0, 312.0, 313.0, 314.0, 315.0, 316.0, 317.0, 318.0, 319.0, 320.0, 321.0, 322.0, 323.0, 324.0, 325.0, 326.0, 327.0, 328.0, 329.0, 330.0, 331.0, 332.0, 333.0, 334.0, 335.0, 336.0, 337.0, 338.0, 339.0, 340.0, 341.0, 342.0, 343.0, 344.0, 345.0, 346.0, 347.0, 348.0, 349.0, 350.0, 351.0, 352.0, 353.0, 354.0, 355.0, 356.0, 357.0, 358.0, 359.0, 360.0, 361.0, 362.0, 363.0, 364.0, 365.0, 366.0, 367.0, 368.0, 369.0, 370.0, 371.0, 372.0, 373.0, 374.0, 375.0, 376.0, 377.0, 378.0, 379.0, 380.0, 381.0, 382.0, 383.0, 384.0, 385.0, 386.0, 387.0, 388.0, 389.0, 390.0, 391.0, 392.0, 393.0, 394.0, 395.0, 396.0, 397.0, 398.0, 399.0, 400.0, 401.0, 402.0, 403.0, 404.0, 405.0, 406.0, 407.0, 408.0, 409.0, 410.0, 411.0, 412.0, 413.0, 414.0, 415.0, 416.0, 417.0, 418.0, 419.0, 420.0, 421.0, 422.0, 423.0, 424.0, 425.0, 426.0, 427.0, 428.0, 429.0, 430.0, 431.0, 432.0, 433.0, 434.0, 435.0, 436.0, 437.0, 438.0, 439.0, 440.0, 441.0, 442.0, 443.0, 444.0, 445.0, 446.0, 447.0, 448.0, 449.0, 450.0, 451.0, 452.0, 453.0, 454.0, 455.0, 456.0, 457.0, 458.0, 459.0, 460.0, 461.0, 462.0, 463.0, 464.0, 465.0, 466.0, 467.0, 468.0, 469.0, 470.0, 471.0, 472.0, 473.0, 474.0, 475.0, 476.0, 477.0, 478.0, 479.0, 480.0, 481.0, 482.0, 483.0, 484.0, 485.0, 486.0, 487.0, 488.0, 489.0, 490.0, 491.0, 492.0, 493.0, 494.0, 495.0, 496.0, 497.0, 498.0, 499.0, 500.0, 501.0, 502.0, 503.0, 504.0, 505.0, 506.0, 507.0, 508.0, 509.0, 510.0, 511.0, 512.0, 513.0, 514.0, 515.0, 516.0, 517.0, 518.0, 519.0, 520.0, 521.0, 522.0, 523.0, 524.0, 525.0, 526.0, 527.0, 528.0, 529.0, 530.0, 531.0, 532.0, 533.0, 534.0, 535.0, 536.0, 537.0, 538.0, 539.0
% Backup Solver: sparrow2011_sparrow2011_ubcsat1.2_2011-03-02
% Input Instances for Training: 540 (-unsolvable)
% Used Instances for Training: 540 (-unsolvable)
% Train with RANDOMFOREST-CLASSVOTER
% PAR10 on current test set: 6882.97 (60 instances)
% >>> 8-th iteration<<<
('sr: ', array([ 215783.52431489,   97989.98525702,   35546.25325413,
         22841.13266769]), ' - svd_k: ', 4)

opt_portfolio:  [0 0 0 0 0 0 0 0 0]
opt_portfolio v2:  set([0, 1, 2, 3, 4, 5, 6, 7, 8])
('top_ft_inx_arr: ', array([ 0,  1,  2,  3,  8, 11, 14, 22, 23, 24, 25, 26, 29, 30, 31, 32, 33,
       35, 36, 38, 39, 43, 44, 45, 47]))
ft_imp_total =  1.0
ft cv scores:  [ 0.51265461  0.54356653  0.55304119  0.57178816  0.59742286  0.3321196
  0.57321612  0.57349699  0.39217664  0.53564251]
ft cv scores after feature selection:  [ 0.51265461  0.54356653  0.55304119  0.57178816  0.59742286  0.3321196
  0.57321612  0.57349699  0.39217664  0.53564251]
top_ft_inx_arr:  [ 0  1  2  3  8 11 14 22 23 24 25 26 29 30 31 32 33 35 36 38 39 43 44 45 47]
(25 out of 50) Features to keep are determined: 0, 1, 2, 3, 8, 11, 14, 22, 23, 24, 25, 26, 29, 30, 31, 32, 33, 35, 36, 38, 39, 43, 44, 45, 47
('No algorithm subset selection, just get the optimal portfolio: ', '0, 1, 2, 3, 4, 5, 6, 7, 8')
(9 out of 9) Algorithms/solvers to keep are determined: 0, 1, 2, 3, 4, 5, 6, 7, 8
('inst_per_cls : ', array([   0.,    1.,    2.,    3.,    4.,    5.,    6.,    7.,    8.,
          9.,   10.,   11.,   12.,   13.,   14.,   15.,   16.,   17.,
         18.,   19.,   20.,   21.,   22.,   23.,   24.,   25.,   26.,
         27.,   28.,   29.,   30.,   31.,   32.,   33.,   34.,   35.,
         36.,   37.,   38.,   39.,   40.,   41.,   42.,   43.,   44.,
         45.,   46.,   47.,   48.,   49.,   50.,   51.,   52.,   53.,
         54.,   55.,   56.,   57.,   58.,   59.,   60.,   61.,   62.,
         63.,   64.,   65.,   66.,   67.,   68.,   69.,   70.,   71.,
         72.,   73.,   74.,   75.,   76.,   77.,   78.,   79.,   80.,
         81.,   82.,   83.,   84.,   85.,   86.,   87.,   88.,   89.,
         90.,   91.,   92.,   93.,   94.,   95.,   96.,   97.,   98.,
         99.,  100.,  101.,  102.,  103.,  104.,  105.,  106.,  107.,
        108.,  109.,  110.,  111.,  112.,  113.,  114.,  115.,  116.,
        117.,  118.,  119.,  120.,  121.,  122.,  123.,  124.,  125.,
        126.,  127.,  128.,  129.,  130.,  131.,  132.,  133.,  134.,
        135.,  136.,  137.,  138.,  139.,  140.,  141.,  142.,  143.,
        144.,  145.,  146.,  147.,  148.,  149.,  150.,  151.,  152.,
        153.,  154.,  155.,  156.,  157.,  158.,  159.,  160.,  161.,
        162.,  163.,  164.,  165.,  166.,  167.,  168.,  169.,  170.,
        171.,  172.,  173.,  174.,  175.,  176.,  177.,  178.,  179.,
        180.,  181.,  182.,  183.,  184.,  185.,  186.,  187.,  188.,
        189.,  190.,  191.,  192.,  193.,  194.,  195.,  196.,  197.,
        198.,  199.,  200.,  201.,  202.,  203.,  204.,  205.,  206.,
        207.,  208.,  209.,  210.,  211.,  212.,  213.,  214.,  215.,
        216.,  217.,  218.,  219.,  220.,  221.,  222.,  223.,  224.,
        225.,  226.,  227.,  228.,  229.,  230.,  231.,  232.,  233.,
        234.,  235.,  236.,  237.,  238.,  239.,  240.,  241.,  242.,
        243.,  244.,  245.,  246.,  247.,  248.,  249.,  250.,  251.,
        252.,  253.,  254.,  255.,  256.,  257.,  258.,  259.,  260.,
        261.,  262.,  263.,  264.,  265.,  266.,  267.,  268.,  269.,
        270.,  271.,  272.,  273.,  274.,  275.,  276.,  277.,  278.,
        279.,  280.,  281.,  282.,  283.,  284.,  285.,  286.,  287.,
        288.,  289.,  290.,  291.,  292.,  293.,  294.,  295.,  296.,
        297.,  298.,  299.,  300.,  301.,  302.,  303.,  304.,  305.,
        306.,  307.,  308.,  309.,  310.,  311.,  312.,  313.,  314.,
        315.,  316.,  317.,  318.,  319.,  320.,  321.,  322.,  323.,
        324.,  325.,  326.,  327.,  328.,  329.,  330.,  331.,  332.,
        333.,  334.,  335.,  336.,  337.,  338.,  339.,  340.,  341.,
        342.,  343.,  344.,  345.,  346.,  347.,  348.,  349.,  350.,
        351.,  352.,  353.,  354.,  355.,  356.,  357.,  358.,  359.,
        360.,  361.,  362.,  363.,  364.,  365.,  366.,  367.,  368.,
        369.,  370.,  371.,  372.,  373.,  374.,  375.,  376.,  377.,
        378.,  379.,  380.,  381.,  382.,  383.,  384.,  385.,  386.,
        387.,  388.,  389.,  390.,  391.,  392.,  393.,  394.,  395.,
        396.,  397.,  398.,  399.,  400.,  401.,  402.,  403.,  404.,
        405.,  406.,  407.,  408.,  409.,  410.,  411.,  412.,  413.,
        414.,  415.,  416.,  417.,  418.,  419.,  420.,  421.,  422.,
        423.,  424.,  425.,  426.,  427.,  428.,  429.,  430.,  431.,
        432.,  433.,  434.,  435.,  436.,  437.,  438.,  439.,  440.,
        441.,  442.,  443.,  444.,  445.,  446.,  447.,  448.,  449.,
        450.,  451.,  452.,  453.,  454.,  455.,  456.,  457.,  458.,
        459.,  460.,  461.,  462.,  463.,  464.,  465.,  466.,  467.,
        468.,  469.,  470.,  471.,  472.,  473.,  474.,  475.,  476.,
        477.,  478.,  479.,  480.,  481.,  482.,  483.,  484.,  485.,
        486.,  487.,  488.,  489.,  490.,  491.,  492.,  493.,  494.,
        495.,  496.,  497.,  498.,  499.,  500.,  501.,  502.,  503.,
        504.,  505.,  506.,  507.,  508.,  509.,  510.,  511.,  512.,
        513.,  514.,  515.,  516.,  517.,  518.,  519.,  520.,  521.,
        522.,  523.,  524.,  525.,  526.,  527.,  528.,  529.,  530.,
        531.,  532.,  533.,  534.,  535.,  536.,  537.,  538.,  539.]))
(540 out of 540) Instances to keep are determined: 0.0, 1.0, 2.0, 3.0, 4.0, 5.0, 6.0, 7.0, 8.0, 9.0, 10.0, 11.0, 12.0, 13.0, 14.0, 15.0, 16.0, 17.0, 18.0, 19.0, 20.0, 21.0, 22.0, 23.0, 24.0, 25.0, 26.0, 27.0, 28.0, 29.0, 30.0, 31.0, 32.0, 33.0, 34.0, 35.0, 36.0, 37.0, 38.0, 39.0, 40.0, 41.0, 42.0, 43.0, 44.0, 45.0, 46.0, 47.0, 48.0, 49.0, 50.0, 51.0, 52.0, 53.0, 54.0, 55.0, 56.0, 57.0, 58.0, 59.0, 60.0, 61.0, 62.0, 63.0, 64.0, 65.0, 66.0, 67.0, 68.0, 69.0, 70.0, 71.0, 72.0, 73.0, 74.0, 75.0, 76.0, 77.0, 78.0, 79.0, 80.0, 81.0, 82.0, 83.0, 84.0, 85.0, 86.0, 87.0, 88.0, 89.0, 90.0, 91.0, 92.0, 93.0, 94.0, 95.0, 96.0, 97.0, 98.0, 99.0, 100.0, 101.0, 102.0, 103.0, 104.0, 105.0, 106.0, 107.0, 108.0, 109.0, 110.0, 111.0, 112.0, 113.0, 114.0, 115.0, 116.0, 117.0, 118.0, 119.0, 120.0, 121.0, 122.0, 123.0, 124.0, 125.0, 126.0, 127.0, 128.0, 129.0, 130.0, 131.0, 132.0, 133.0, 134.0, 135.0, 136.0, 137.0, 138.0, 139.0, 140.0, 141.0, 142.0, 143.0, 144.0, 145.0, 146.0, 147.0, 148.0, 149.0, 150.0, 151.0, 152.0, 153.0, 154.0, 155.0, 156.0, 157.0, 158.0, 159.0, 160.0, 161.0, 162.0, 163.0, 164.0, 165.0, 166.0, 167.0, 168.0, 169.0, 170.0, 171.0, 172.0, 173.0, 174.0, 175.0, 176.0, 177.0, 178.0, 179.0, 180.0, 181.0, 182.0, 183.0, 184.0, 185.0, 186.0, 187.0, 188.0, 189.0, 190.0, 191.0, 192.0, 193.0, 194.0, 195.0, 196.0, 197.0, 198.0, 199.0, 200.0, 201.0, 202.0, 203.0, 204.0, 205.0, 206.0, 207.0, 208.0, 209.0, 210.0, 211.0, 212.0, 213.0, 214.0, 215.0, 216.0, 217.0, 218.0, 219.0, 220.0, 221.0, 222.0, 223.0, 224.0, 225.0, 226.0, 227.0, 228.0, 229.0, 230.0, 231.0, 232.0, 233.0, 234.0, 235.0, 236.0, 237.0, 238.0, 239.0, 240.0, 241.0, 242.0, 243.0, 244.0, 245.0, 246.0, 247.0, 248.0, 249.0, 250.0, 251.0, 252.0, 253.0, 254.0, 255.0, 256.0, 257.0, 258.0, 259.0, 260.0, 261.0, 262.0, 263.0, 264.0, 265.0, 266.0, 267.0, 268.0, 269.0, 270.0, 271.0, 272.0, 273.0, 274.0, 275.0, 276.0, 277.0, 278.0, 279.0, 280.0, 281.0, 282.0, 283.0, 284.0, 285.0, 286.0, 287.0, 288.0, 289.0, 290.0, 291.0, 292.0, 293.0, 294.0, 295.0, 296.0, 297.0, 298.0, 299.0, 300.0, 301.0, 302.0, 303.0, 304.0, 305.0, 306.0, 307.0, 308.0, 309.0, 310.0, 311.0, 312.0, 313.0, 314.0, 315.0, 316.0, 317.0, 318.0, 319.0, 320.0, 321.0, 322.0, 323.0, 324.0, 325.0, 326.0, 327.0, 328.0, 329.0, 330.0, 331.0, 332.0, 333.0, 334.0, 335.0, 336.0, 337.0, 338.0, 339.0, 340.0, 341.0, 342.0, 343.0, 344.0, 345.0, 346.0, 347.0, 348.0, 349.0, 350.0, 351.0, 352.0, 353.0, 354.0, 355.0, 356.0, 357.0, 358.0, 359.0, 360.0, 361.0, 362.0, 363.0, 364.0, 365.0, 366.0, 367.0, 368.0, 369.0, 370.0, 371.0, 372.0, 373.0, 374.0, 375.0, 376.0, 377.0, 378.0, 379.0, 380.0, 381.0, 382.0, 383.0, 384.0, 385.0, 386.0, 387.0, 388.0, 389.0, 390.0, 391.0, 392.0, 393.0, 394.0, 395.0, 396.0, 397.0, 398.0, 399.0, 400.0, 401.0, 402.0, 403.0, 404.0, 405.0, 406.0, 407.0, 408.0, 409.0, 410.0, 411.0, 412.0, 413.0, 414.0, 415.0, 416.0, 417.0, 418.0, 419.0, 420.0, 421.0, 422.0, 423.0, 424.0, 425.0, 426.0, 427.0, 428.0, 429.0, 430.0, 431.0, 432.0, 433.0, 434.0, 435.0, 436.0, 437.0, 438.0, 439.0, 440.0, 441.0, 442.0, 443.0, 444.0, 445.0, 446.0, 447.0, 448.0, 449.0, 450.0, 451.0, 452.0, 453.0, 454.0, 455.0, 456.0, 457.0, 458.0, 459.0, 460.0, 461.0, 462.0, 463.0, 464.0, 465.0, 466.0, 467.0, 468.0, 469.0, 470.0, 471.0, 472.0, 473.0, 474.0, 475.0, 476.0, 477.0, 478.0, 479.0, 480.0, 481.0, 482.0, 483.0, 484.0, 485.0, 486.0, 487.0, 488.0, 489.0, 490.0, 491.0, 492.0, 493.0, 494.0, 495.0, 496.0, 497.0, 498.0, 499.0, 500.0, 501.0, 502.0, 503.0, 504.0, 505.0, 506.0, 507.0, 508.0, 509.0, 510.0, 511.0, 512.0, 513.0, 514.0, 515.0, 516.0, 517.0, 518.0, 519.0, 520.0, 521.0, 522.0, 523.0, 524.0, 525.0, 526.0, 527.0, 528.0, 529.0, 530.0, 531.0, 532.0, 533.0, 534.0, 535.0, 536.0, 537.0, 538.0, 539.0
% Backup Solver: sparrow2011_sparrow2011_ubcsat1.2_2011-03-02
% Input Instances for Training: 540 (-unsolvable)
% Used Instances for Training: 540 (-unsolvable)
% Train with RANDOMFOREST-CLASSVOTER
% PAR10 on current test set: 10228.05 (60 instances)
% >>> 9-th iteration<<<
('sr: ', array([ 216374.12413157,   98085.64416797,   35234.03755778,
         22790.15009135]), ' - svd_k: ', 4)

opt_portfolio:  [0 0 0 0 0 0 0 0 0]
opt_portfolio v2:  set([0, 1, 2, 3, 4, 5, 6, 7, 8])
('top_ft_inx_arr: ', array([ 0,  1,  2,  3,  8, 11, 14, 20, 21, 22, 23, 24, 25, 26, 29, 30, 32,
       33, 34, 36, 39, 43, 44, 45, 49]))
ft_imp_total =  1.0
ft cv scores:  [ 0.57333876  0.51033459  0.50718371  0.59915566  0.62631849  0.4215333
  0.55984854  0.56565472  0.451164    0.60213596]
ft cv scores after feature selection:  [ 0.57333876  0.51033459  0.50718371  0.59915566  0.62631849  0.4215333
  0.55984854  0.56565472  0.451164    0.60213596]
top_ft_inx_arr:  [ 0  1  2  3  8 11 14 20 21 22 23 24 25 26 29 30 32 33 34 36 39 43 44 45 49]
(25 out of 50) Features to keep are determined: 0, 1, 2, 3, 8, 11, 14, 20, 21, 22, 23, 24, 25, 26, 29, 30, 32, 33, 34, 36, 39, 43, 44, 45, 49
('No algorithm subset selection, just get the optimal portfolio: ', '0, 1, 2, 3, 4, 5, 6, 7, 8')
(9 out of 9) Algorithms/solvers to keep are determined: 0, 1, 2, 3, 4, 5, 6, 7, 8
('inst_per_cls : ', array([   0.,    1.,    2.,    3.,    4.,    5.,    6.,    7.,    8.,
          9.,   10.,   11.,   12.,   13.,   14.,   15.,   16.,   17.,
         18.,   19.,   20.,   21.,   22.,   23.,   24.,   25.,   26.,
         27.,   28.,   29.,   30.,   31.,   32.,   33.,   34.,   35.,
         36.,   37.,   38.,   39.,   40.,   41.,   42.,   43.,   44.,
         45.,   46.,   47.,   48.,   49.,   50.,   51.,   52.,   53.,
         54.,   55.,   56.,   57.,   58.,   59.,   60.,   61.,   62.,
         63.,   64.,   65.,   66.,   67.,   68.,   69.,   70.,   71.,
         72.,   73.,   74.,   75.,   76.,   77.,   78.,   79.,   80.,
         81.,   82.,   83.,   84.,   85.,   86.,   87.,   88.,   89.,
         90.,   91.,   92.,   93.,   94.,   95.,   96.,   97.,   98.,
         99.,  100.,  101.,  102.,  103.,  104.,  105.,  106.,  107.,
        108.,  109.,  110.,  111.,  112.,  113.,  114.,  115.,  116.,
        117.,  118.,  119.,  120.,  121.,  122.,  123.,  124.,  125.,
        126.,  127.,  128.,  129.,  130.,  131.,  132.,  133.,  134.,
        135.,  136.,  137.,  138.,  139.,  140.,  141.,  142.,  143.,
        144.,  145.,  146.,  147.,  148.,  149.,  150.,  151.,  152.,
        153.,  154.,  155.,  156.,  157.,  158.,  159.,  160.,  161.,
        162.,  163.,  164.,  165.,  166.,  167.,  168.,  169.,  170.,
        171.,  172.,  173.,  174.,  175.,  176.,  177.,  178.,  179.,
        180.,  181.,  182.,  183.,  184.,  185.,  186.,  187.,  188.,
        189.,  190.,  191.,  192.,  193.,  194.,  195.,  196.,  197.,
        198.,  199.,  200.,  201.,  202.,  203.,  204.,  205.,  206.,
        207.,  208.,  209.,  210.,  211.,  212.,  213.,  214.,  215.,
        216.,  217.,  218.,  219.,  220.,  221.,  222.,  223.,  224.,
        225.,  226.,  227.,  228.,  229.,  230.,  231.,  232.,  233.,
        234.,  235.,  236.,  237.,  238.,  239.,  240.,  241.,  242.,
        243.,  244.,  245.,  246.,  247.,  248.,  249.,  250.,  251.,
        252.,  253.,  254.,  255.,  256.,  257.,  258.,  259.,  260.,
        261.,  262.,  263.,  264.,  265.,  266.,  267.,  268.,  269.,
        270.,  271.,  272.,  273.,  274.,  275.,  276.,  277.,  278.,
        279.,  280.,  281.,  282.,  283.,  284.,  285.,  286.,  287.,
        288.,  289.,  290.,  291.,  292.,  293.,  294.,  295.,  296.,
        297.,  298.,  299.,  300.,  301.,  302.,  303.,  304.,  305.,
        306.,  307.,  308.,  309.,  310.,  311.,  312.,  313.,  314.,
        315.,  316.,  317.,  318.,  319.,  320.,  321.,  322.,  323.,
        324.,  325.,  326.,  327.,  328.,  329.,  330.,  331.,  332.,
        333.,  334.,  335.,  336.,  337.,  338.,  339.,  340.,  341.,
        342.,  343.,  344.,  345.,  346.,  347.,  348.,  349.,  350.,
        351.,  352.,  353.,  354.,  355.,  356.,  357.,  358.,  359.,
        360.,  361.,  362.,  363.,  364.,  365.,  366.,  367.,  368.,
        369.,  370.,  371.,  372.,  373.,  374.,  375.,  376.,  377.,
        378.,  379.,  380.,  381.,  382.,  383.,  384.,  385.,  386.,
        387.,  388.,  389.,  390.,  391.,  392.,  393.,  394.,  395.,
        396.,  397.,  398.,  399.,  400.,  401.,  402.,  403.,  404.,
        405.,  406.,  407.,  408.,  409.,  410.,  411.,  412.,  413.,
        414.,  415.,  416.,  417.,  418.,  419.,  420.,  421.,  422.,
        423.,  424.,  425.,  426.,  427.,  428.,  429.,  430.,  431.,
        432.,  433.,  434.,  435.,  436.,  437.,  438.,  439.,  440.,
        441.,  442.,  443.,  444.,  445.,  446.,  447.,  448.,  449.,
        450.,  451.,  452.,  453.,  454.,  455.,  456.,  457.,  458.,
        459.,  460.,  461.,  462.,  463.,  464.,  465.,  466.,  467.,
        468.,  469.,  470.,  471.,  472.,  473.,  474.,  475.,  476.,
        477.,  478.,  479.,  480.,  481.,  482.,  483.,  484.,  485.,
        486.,  487.,  488.,  489.,  490.,  491.,  492.,  493.,  494.,
        495.,  496.,  497.,  498.,  499.,  500.,  501.,  502.,  503.,
        504.,  505.,  506.,  507.,  508.,  509.,  510.,  511.,  512.,
        513.,  514.,  515.,  516.,  517.,  518.,  519.,  520.,  521.,
        522.,  523.,  524.,  525.,  526.,  527.,  528.,  529.,  530.,
        531.,  532.,  533.,  534.,  535.,  536.,  537.,  538.,  539.]))
(540 out of 540) Instances to keep are determined: 0.0, 1.0, 2.0, 3.0, 4.0, 5.0, 6.0, 7.0, 8.0, 9.0, 10.0, 11.0, 12.0, 13.0, 14.0, 15.0, 16.0, 17.0, 18.0, 19.0, 20.0, 21.0, 22.0, 23.0, 24.0, 25.0, 26.0, 27.0, 28.0, 29.0, 30.0, 31.0, 32.0, 33.0, 34.0, 35.0, 36.0, 37.0, 38.0, 39.0, 40.0, 41.0, 42.0, 43.0, 44.0, 45.0, 46.0, 47.0, 48.0, 49.0, 50.0, 51.0, 52.0, 53.0, 54.0, 55.0, 56.0, 57.0, 58.0, 59.0, 60.0, 61.0, 62.0, 63.0, 64.0, 65.0, 66.0, 67.0, 68.0, 69.0, 70.0, 71.0, 72.0, 73.0, 74.0, 75.0, 76.0, 77.0, 78.0, 79.0, 80.0, 81.0, 82.0, 83.0, 84.0, 85.0, 86.0, 87.0, 88.0, 89.0, 90.0, 91.0, 92.0, 93.0, 94.0, 95.0, 96.0, 97.0, 98.0, 99.0, 100.0, 101.0, 102.0, 103.0, 104.0, 105.0, 106.0, 107.0, 108.0, 109.0, 110.0, 111.0, 112.0, 113.0, 114.0, 115.0, 116.0, 117.0, 118.0, 119.0, 120.0, 121.0, 122.0, 123.0, 124.0, 125.0, 126.0, 127.0, 128.0, 129.0, 130.0, 131.0, 132.0, 133.0, 134.0, 135.0, 136.0, 137.0, 138.0, 139.0, 140.0, 141.0, 142.0, 143.0, 144.0, 145.0, 146.0, 147.0, 148.0, 149.0, 150.0, 151.0, 152.0, 153.0, 154.0, 155.0, 156.0, 157.0, 158.0, 159.0, 160.0, 161.0, 162.0, 163.0, 164.0, 165.0, 166.0, 167.0, 168.0, 169.0, 170.0, 171.0, 172.0, 173.0, 174.0, 175.0, 176.0, 177.0, 178.0, 179.0, 180.0, 181.0, 182.0, 183.0, 184.0, 185.0, 186.0, 187.0, 188.0, 189.0, 190.0, 191.0, 192.0, 193.0, 194.0, 195.0, 196.0, 197.0, 198.0, 199.0, 200.0, 201.0, 202.0, 203.0, 204.0, 205.0, 206.0, 207.0, 208.0, 209.0, 210.0, 211.0, 212.0, 213.0, 214.0, 215.0, 216.0, 217.0, 218.0, 219.0, 220.0, 221.0, 222.0, 223.0, 224.0, 225.0, 226.0, 227.0, 228.0, 229.0, 230.0, 231.0, 232.0, 233.0, 234.0, 235.0, 236.0, 237.0, 238.0, 239.0, 240.0, 241.0, 242.0, 243.0, 244.0, 245.0, 246.0, 247.0, 248.0, 249.0, 250.0, 251.0, 252.0, 253.0, 254.0, 255.0, 256.0, 257.0, 258.0, 259.0, 260.0, 261.0, 262.0, 263.0, 264.0, 265.0, 266.0, 267.0, 268.0, 269.0, 270.0, 271.0, 272.0, 273.0, 274.0, 275.0, 276.0, 277.0, 278.0, 279.0, 280.0, 281.0, 282.0, 283.0, 284.0, 285.0, 286.0, 287.0, 288.0, 289.0, 290.0, 291.0, 292.0, 293.0, 294.0, 295.0, 296.0, 297.0, 298.0, 299.0, 300.0, 301.0, 302.0, 303.0, 304.0, 305.0, 306.0, 307.0, 308.0, 309.0, 310.0, 311.0, 312.0, 313.0, 314.0, 315.0, 316.0, 317.0, 318.0, 319.0, 320.0, 321.0, 322.0, 323.0, 324.0, 325.0, 326.0, 327.0, 328.0, 329.0, 330.0, 331.0, 332.0, 333.0, 334.0, 335.0, 336.0, 337.0, 338.0, 339.0, 340.0, 341.0, 342.0, 343.0, 344.0, 345.0, 346.0, 347.0, 348.0, 349.0, 350.0, 351.0, 352.0, 353.0, 354.0, 355.0, 356.0, 357.0, 358.0, 359.0, 360.0, 361.0, 362.0, 363.0, 364.0, 365.0, 366.0, 367.0, 368.0, 369.0, 370.0, 371.0, 372.0, 373.0, 374.0, 375.0, 376.0, 377.0, 378.0, 379.0, 380.0, 381.0, 382.0, 383.0, 384.0, 385.0, 386.0, 387.0, 388.0, 389.0, 390.0, 391.0, 392.0, 393.0, 394.0, 395.0, 396.0, 397.0, 398.0, 399.0, 400.0, 401.0, 402.0, 403.0, 404.0, 405.0, 406.0, 407.0, 408.0, 409.0, 410.0, 411.0, 412.0, 413.0, 414.0, 415.0, 416.0, 417.0, 418.0, 419.0, 420.0, 421.0, 422.0, 423.0, 424.0, 425.0, 426.0, 427.0, 428.0, 429.0, 430.0, 431.0, 432.0, 433.0, 434.0, 435.0, 436.0, 437.0, 438.0, 439.0, 440.0, 441.0, 442.0, 443.0, 444.0, 445.0, 446.0, 447.0, 448.0, 449.0, 450.0, 451.0, 452.0, 453.0, 454.0, 455.0, 456.0, 457.0, 458.0, 459.0, 460.0, 461.0, 462.0, 463.0, 464.0, 465.0, 466.0, 467.0, 468.0, 469.0, 470.0, 471.0, 472.0, 473.0, 474.0, 475.0, 476.0, 477.0, 478.0, 479.0, 480.0, 481.0, 482.0, 483.0, 484.0, 485.0, 486.0, 487.0, 488.0, 489.0, 490.0, 491.0, 492.0, 493.0, 494.0, 495.0, 496.0, 497.0, 498.0, 499.0, 500.0, 501.0, 502.0, 503.0, 504.0, 505.0, 506.0, 507.0, 508.0, 509.0, 510.0, 511.0, 512.0, 513.0, 514.0, 515.0, 516.0, 517.0, 518.0, 519.0, 520.0, 521.0, 522.0, 523.0, 524.0, 525.0, 526.0, 527.0, 528.0, 529.0, 530.0, 531.0, 532.0, 533.0, 534.0, 535.0, 536.0, 537.0, 538.0, 539.0
% Backup Solver: sparrow2011_sparrow2011_ubcsat1.2_2011-03-02
% Input Instances for Training: 540 (-unsolvable)
% Used Instances for Training: 540 (-unsolvable)
% Train with RANDOMFOREST-CLASSVOTER
% PAR10 on current test set: 10185.69 (60 instances)
% >>> 10-th iteration<<<
('sr: ', array([ 217509.42731317,   98315.87309683,   35438.98521092,
         22907.22504779]), ' - svd_k: ', 4)

opt_portfolio:  [0 0 0 0 0 0 0 0 0]
opt_portfolio v2:  set([0, 1, 2, 3, 4, 5, 6, 7, 8])
('top_ft_inx_arr: ', array([ 0,  1,  2,  3,  4,  6,  8, 12, 20, 21, 22, 23, 25, 26, 29, 31, 32,
       33, 34, 35, 36, 38, 39, 44, 46]))
ft_imp_total =  1.0
ft cv scores:  [ 0.53133542  0.52274377  0.44678549  0.65504378  0.59975375  0.2976755
  0.59250282  0.5481117   0.4179951   0.66585667]
ft cv scores after feature selection:  [ 0.53133542  0.52274377  0.44678549  0.65504378  0.59975375  0.2976755
  0.59250282  0.5481117   0.4179951   0.66585667]
top_ft_inx_arr:  [ 0  1  2  3  4  6  8 12 20 21 22 23 25 26 29 31 32 33 34 35 36 38 39 44 46]
(25 out of 50) Features to keep are determined: 0, 1, 2, 3, 4, 6, 8, 12, 20, 21, 22, 23, 25, 26, 29, 31, 32, 33, 34, 35, 36, 38, 39, 44, 46
('No algorithm subset selection, just get the optimal portfolio: ', '0, 1, 2, 3, 4, 5, 6, 7, 8')
(9 out of 9) Algorithms/solvers to keep are determined: 0, 1, 2, 3, 4, 5, 6, 7, 8
('inst_per_cls : ', array([   0.,    1.,    2.,    3.,    4.,    5.,    6.,    7.,    8.,
          9.,   10.,   11.,   12.,   13.,   14.,   15.,   16.,   17.,
         18.,   19.,   20.,   21.,   22.,   23.,   24.,   25.,   26.,
         27.,   28.,   29.,   30.,   31.,   32.,   33.,   34.,   35.,
         36.,   37.,   38.,   39.,   40.,   41.,   42.,   43.,   44.,
         45.,   46.,   47.,   48.,   49.,   50.,   51.,   52.,   53.,
         54.,   55.,   56.,   57.,   58.,   59.,   60.,   61.,   62.,
         63.,   64.,   65.,   66.,   67.,   68.,   69.,   70.,   71.,
         72.,   73.,   74.,   75.,   76.,   77.,   78.,   79.,   80.,
         81.,   82.,   83.,   84.,   85.,   86.,   87.,   88.,   89.,
         90.,   91.,   92.,   93.,   94.,   95.,   96.,   97.,   98.,
         99.,  100.,  101.,  102.,  103.,  104.,  105.,  106.,  107.,
        108.,  109.,  110.,  111.,  112.,  113.,  114.,  115.,  116.,
        117.,  118.,  119.,  120.,  121.,  122.,  123.,  124.,  125.,
        126.,  127.,  128.,  129.,  130.,  131.,  132.,  133.,  134.,
        135.,  136.,  137.,  138.,  139.,  140.,  141.,  142.,  143.,
        144.,  145.,  146.,  147.,  148.,  149.,  150.,  151.,  152.,
        153.,  154.,  155.,  156.,  157.,  158.,  159.,  160.,  161.,
        162.,  163.,  164.,  165.,  166.,  167.,  168.,  169.,  170.,
        171.,  172.,  173.,  174.,  175.,  176.,  177.,  178.,  179.,
        180.,  181.,  182.,  183.,  184.,  185.,  186.,  187.,  188.,
        189.,  190.,  191.,  192.,  193.,  194.,  195.,  196.,  197.,
        198.,  199.,  200.,  201.,  202.,  203.,  204.,  205.,  206.,
        207.,  208.,  209.,  210.,  211.,  212.,  213.,  214.,  215.,
        216.,  217.,  218.,  219.,  220.,  221.,  222.,  223.,  224.,
        225.,  226.,  227.,  228.,  229.,  230.,  231.,  232.,  233.,
        234.,  235.,  236.,  237.,  238.,  239.,  240.,  241.,  242.,
        243.,  244.,  245.,  246.,  247.,  248.,  249.,  250.,  251.,
        252.,  253.,  254.,  255.,  256.,  257.,  258.,  259.,  260.,
        261.,  262.,  263.,  264.,  265.,  266.,  267.,  268.,  269.,
        270.,  271.,  272.,  273.,  274.,  275.,  276.,  277.,  278.,
        279.,  280.,  281.,  282.,  283.,  284.,  285.,  286.,  287.,
        288.,  289.,  290.,  291.,  292.,  293.,  294.,  295.,  296.,
        297.,  298.,  299.,  300.,  301.,  302.,  303.,  304.,  305.,
        306.,  307.,  308.,  309.,  310.,  311.,  312.,  313.,  314.,
        315.,  316.,  317.,  318.,  319.,  320.,  321.,  322.,  323.,
        324.,  325.,  326.,  327.,  328.,  329.,  330.,  331.,  332.,
        333.,  334.,  335.,  336.,  337.,  338.,  339.,  340.,  341.,
        342.,  343.,  344.,  345.,  346.,  347.,  348.,  349.,  350.,
        351.,  352.,  353.,  354.,  355.,  356.,  357.,  358.,  359.,
        360.,  361.,  362.,  363.,  364.,  365.,  366.,  367.,  368.,
        369.,  370.,  371.,  372.,  373.,  374.,  375.,  376.,  377.,
        378.,  379.,  380.,  381.,  382.,  383.,  384.,  385.,  386.,
        387.,  388.,  389.,  390.,  391.,  392.,  393.,  394.,  395.,
        396.,  397.,  398.,  399.,  400.,  401.,  402.,  403.,  404.,
        405.,  406.,  407.,  408.,  409.,  410.,  411.,  412.,  413.,
        414.,  415.,  416.,  417.,  418.,  419.,  420.,  421.,  422.,
        423.,  424.,  425.,  426.,  427.,  428.,  429.,  430.,  431.,
        432.,  433.,  434.,  435.,  436.,  437.,  438.,  439.,  440.,
        441.,  442.,  443.,  444.,  445.,  446.,  447.,  448.,  449.,
        450.,  451.,  452.,  453.,  454.,  455.,  456.,  457.,  458.,
        459.,  460.,  461.,  462.,  463.,  464.,  465.,  466.,  467.,
        468.,  469.,  470.,  471.,  472.,  473.,  474.,  475.,  476.,
        477.,  478.,  479.,  480.,  481.,  482.,  483.,  484.,  485.,
        486.,  487.,  488.,  489.,  490.,  491.,  492.,  493.,  494.,
        495.,  496.,  497.,  498.,  499.,  500.,  501.,  502.,  503.,
        504.,  505.,  506.,  507.,  508.,  509.,  510.,  511.,  512.,
        513.,  514.,  515.,  516.,  517.,  518.,  519.,  520.,  521.,
        522.,  523.,  524.,  525.,  526.,  527.,  528.,  529.,  530.,
        531.,  532.,  533.,  534.,  535.,  536.,  537.,  538.,  539.]))
(540 out of 540) Instances to keep are determined: 0.0, 1.0, 2.0, 3.0, 4.0, 5.0, 6.0, 7.0, 8.0, 9.0, 10.0, 11.0, 12.0, 13.0, 14.0, 15.0, 16.0, 17.0, 18.0, 19.0, 20.0, 21.0, 22.0, 23.0, 24.0, 25.0, 26.0, 27.0, 28.0, 29.0, 30.0, 31.0, 32.0, 33.0, 34.0, 35.0, 36.0, 37.0, 38.0, 39.0, 40.0, 41.0, 42.0, 43.0, 44.0, 45.0, 46.0, 47.0, 48.0, 49.0, 50.0, 51.0, 52.0, 53.0, 54.0, 55.0, 56.0, 57.0, 58.0, 59.0, 60.0, 61.0, 62.0, 63.0, 64.0, 65.0, 66.0, 67.0, 68.0, 69.0, 70.0, 71.0, 72.0, 73.0, 74.0, 75.0, 76.0, 77.0, 78.0, 79.0, 80.0, 81.0, 82.0, 83.0, 84.0, 85.0, 86.0, 87.0, 88.0, 89.0, 90.0, 91.0, 92.0, 93.0, 94.0, 95.0, 96.0, 97.0, 98.0, 99.0, 100.0, 101.0, 102.0, 103.0, 104.0, 105.0, 106.0, 107.0, 108.0, 109.0, 110.0, 111.0, 112.0, 113.0, 114.0, 115.0, 116.0, 117.0, 118.0, 119.0, 120.0, 121.0, 122.0, 123.0, 124.0, 125.0, 126.0, 127.0, 128.0, 129.0, 130.0, 131.0, 132.0, 133.0, 134.0, 135.0, 136.0, 137.0, 138.0, 139.0, 140.0, 141.0, 142.0, 143.0, 144.0, 145.0, 146.0, 147.0, 148.0, 149.0, 150.0, 151.0, 152.0, 153.0, 154.0, 155.0, 156.0, 157.0, 158.0, 159.0, 160.0, 161.0, 162.0, 163.0, 164.0, 165.0, 166.0, 167.0, 168.0, 169.0, 170.0, 171.0, 172.0, 173.0, 174.0, 175.0, 176.0, 177.0, 178.0, 179.0, 180.0, 181.0, 182.0, 183.0, 184.0, 185.0, 186.0, 187.0, 188.0, 189.0, 190.0, 191.0, 192.0, 193.0, 194.0, 195.0, 196.0, 197.0, 198.0, 199.0, 200.0, 201.0, 202.0, 203.0, 204.0, 205.0, 206.0, 207.0, 208.0, 209.0, 210.0, 211.0, 212.0, 213.0, 214.0, 215.0, 216.0, 217.0, 218.0, 219.0, 220.0, 221.0, 222.0, 223.0, 224.0, 225.0, 226.0, 227.0, 228.0, 229.0, 230.0, 231.0, 232.0, 233.0, 234.0, 235.0, 236.0, 237.0, 238.0, 239.0, 240.0, 241.0, 242.0, 243.0, 244.0, 245.0, 246.0, 247.0, 248.0, 249.0, 250.0, 251.0, 252.0, 253.0, 254.0, 255.0, 256.0, 257.0, 258.0, 259.0, 260.0, 261.0, 262.0, 263.0, 264.0, 265.0, 266.0, 267.0, 268.0, 269.0, 270.0, 271.0, 272.0, 273.0, 274.0, 275.0, 276.0, 277.0, 278.0, 279.0, 280.0, 281.0, 282.0, 283.0, 284.0, 285.0, 286.0, 287.0, 288.0, 289.0, 290.0, 291.0, 292.0, 293.0, 294.0, 295.0, 296.0, 297.0, 298.0, 299.0, 300.0, 301.0, 302.0, 303.0, 304.0, 305.0, 306.0, 307.0, 308.0, 309.0, 310.0, 311.0, 312.0, 313.0, 314.0, 315.0, 316.0, 317.0, 318.0, 319.0, 320.0, 321.0, 322.0, 323.0, 324.0, 325.0, 326.0, 327.0, 328.0, 329.0, 330.0, 331.0, 332.0, 333.0, 334.0, 335.0, 336.0, 337.0, 338.0, 339.0, 340.0, 341.0, 342.0, 343.0, 344.0, 345.0, 346.0, 347.0, 348.0, 349.0, 350.0, 351.0, 352.0, 353.0, 354.0, 355.0, 356.0, 357.0, 358.0, 359.0, 360.0, 361.0, 362.0, 363.0, 364.0, 365.0, 366.0, 367.0, 368.0, 369.0, 370.0, 371.0, 372.0, 373.0, 374.0, 375.0, 376.0, 377.0, 378.0, 379.0, 380.0, 381.0, 382.0, 383.0, 384.0, 385.0, 386.0, 387.0, 388.0, 389.0, 390.0, 391.0, 392.0, 393.0, 394.0, 395.0, 396.0, 397.0, 398.0, 399.0, 400.0, 401.0, 402.0, 403.0, 404.0, 405.0, 406.0, 407.0, 408.0, 409.0, 410.0, 411.0, 412.0, 413.0, 414.0, 415.0, 416.0, 417.0, 418.0, 419.0, 420.0, 421.0, 422.0, 423.0, 424.0, 425.0, 426.0, 427.0, 428.0, 429.0, 430.0, 431.0, 432.0, 433.0, 434.0, 435.0, 436.0, 437.0, 438.0, 439.0, 440.0, 441.0, 442.0, 443.0, 444.0, 445.0, 446.0, 447.0, 448.0, 449.0, 450.0, 451.0, 452.0, 453.0, 454.0, 455.0, 456.0, 457.0, 458.0, 459.0, 460.0, 461.0, 462.0, 463.0, 464.0, 465.0, 466.0, 467.0, 468.0, 469.0, 470.0, 471.0, 472.0, 473.0, 474.0, 475.0, 476.0, 477.0, 478.0, 479.0, 480.0, 481.0, 482.0, 483.0, 484.0, 485.0, 486.0, 487.0, 488.0, 489.0, 490.0, 491.0, 492.0, 493.0, 494.0, 495.0, 496.0, 497.0, 498.0, 499.0, 500.0, 501.0, 502.0, 503.0, 504.0, 505.0, 506.0, 507.0, 508.0, 509.0, 510.0, 511.0, 512.0, 513.0, 514.0, 515.0, 516.0, 517.0, 518.0, 519.0, 520.0, 521.0, 522.0, 523.0, 524.0, 525.0, 526.0, 527.0, 528.0, 529.0, 530.0, 531.0, 532.0, 533.0, 534.0, 535.0, 536.0, 537.0, 538.0, 539.0
% Backup Solver: MPhaseSAT_M_2011-02-16
% Input Instances for Training: 540 (-unsolvable)
% Used Instances for Training: 540 (-unsolvable)
% Train with RANDOMFOREST-CLASSVOTER
% PAR10 on current test set: 7828.08 (60 instances)
% 
%  >>> Instances: 600 <<<
%  >>> Oracle Evaluation (w/o unsolved) <<<
% 
% Unsolved (not by any algorithm and not by feature computation): 108
% PAR1 time: 1086.620565 (227.586055)
% Par10 time: 9186.440565 (227.366543)
% #TOs: 108 (0)
% 
%  >>> Cross Fold Evaluation <<<
% 
% Presolved: 0
% >>>With Unsolvable Instances
% Timeouts per #Thread: {1: 117, 2: 113, 3: 111, 4: 110, 5: 109, 6: 108, 7: 108, 8: 108, 9: 108}
% Solved (perc) per #Thread: {1: 0.8049999999999999, 2: 0.8116666666666666, 3: 0.815, 4: 0.8166666666666667, 5: 0.8183333333333334, 6: 0.8200000000000001, 7: 0.8200000000000001, 8: 0.8200000000000001, 9: 0.8200000000000001}
% AVG per #Thread: {1: 1208.967908713327, 2: 1179.6311463566683, 3: 1125.2839829966658, 4: 1113.8833049633354, 5: 1109.775858125002, 6: 1106.7841678016741, 7: 1102.6436362666684, 8: 1102.6414349300042, 9: 1102.640965003337}
% PAR10 per #Thread: {1: 9983.967908713326, 2: 9654.631146356669, 3: 9450.283982996665, 4: 9363.883304963336, 5: 9284.775858125002, 6: 9206.784167801674, 7: 9202.643636266668, 8: 9202.641434930005, 9: 9202.640965003337}
% >>>Without Unsolved Instances (depends on pre-solved in feature groups)
% Timeouts: {1: 9, 2: 5, 3: 3, 4: 2, 5: 1, 6: 0, 7: 0, 8: 0, 9: 0}
% Solved (perc): {1: 0.9817073170731706, 2: 0.9898373983739838, 3: 0.9939024390243901, 4: 0.9959349593495935, 5: 0.9979674796747967, 6: 1.0000000000000002, 7: 1.0000000000000002, 8: 1.0000000000000002, 9: 1.0000000000000002}
% PAR1: {1: 376.7901325772282, 2: 341.0135931178882, 3: 274.73656463008035, 4: 260.83329873577486, 5: 255.82421722561236, 6: 252.17581439228553, 7: 247.12638569105894, 8: 247.12370113415145, 9: 247.12312805284986}
% PAR10: {1: 1199.9608642845453, 2: 798.3306662886199, 3: 549.1268085325194, 4: 443.76012800406755, 5: 347.2876318597587, 6: 252.17581439228553, 7: 247.12638569105894, 8: 247.12370113415145, 9: 247.12312805285012}
% 
% Time used by each solver: {'EagleUP_1.565.350': 333146.4158559999, 'MPhaseSAT_M_2011-02-16': 109890.629682, 'sparrow2011_sparrow2011_ubcsat1.2_2011-03-02': 68816.07638899998, 'sattime2011_2011-03-02': 36218.770786, 'SAT09referencesolvermarch_hi_hi': 66278.523896, 'SAT09referencesolvergnovelty+2_2009-03-22': 24886.255946000005, 'SAT09referencesolverTNM_2009-03-22': 19772.876967, 'adaptg2wsat2011_2011-03-02': 10431.73109, 'march_rw_2011-03-02': 42700.634615999996}
% Optimal Time used by each solver: {'EagleUP_1.565.350': 544541.9798989999, 'MPhaseSAT_M_2011-02-16': 352.325057, 'sparrow2011_sparrow2011_ubcsat1.2_2011-03-02': 34880.54265800001, 'sattime2011_2011-03-02': 182.019304, 'SAT09referencesolvermarch_hi_hi': 28268.427819999997, 'SAT09referencesolvergnovelty+2_2009-03-22': 867.5445749999994, 'SAT09referencesolverTNM_2009-03-22': 2560.3926169999995, 'adaptg2wsat2011_2011-03-02': 3459.4752309999994, 'march_rw_2011-03-02': 36859.631841}
