Started solving  /home/misir/Desktop/aslib_data-aslib-v1.1/SAT11-HAND
% Command line arguments:
% --aslib-dir /home/misir/Desktop/aslib_data-aslib-v1.1/SAT11-HAND --model-dir MODEL_DIR --print-times /home/misir/Desktop/liclipse/Workspace/flexfolio-data_filtering-v3/output/res-18062015165557127728-SAT11-HAND.csv
% Read /home/misir/Desktop/aslib_data-aslib-v1.1/SAT11-HAND/description.txt
% Read /home/misir/Desktop/aslib_data-aslib-v1.1/SAT11-HAND/algorithm_runs.arff
% Read /home/misir/Desktop/aslib_data-aslib-v1.1/SAT11-HAND/feature_values.arff
% Read /home/misir/Desktop/aslib_data-aslib-v1.1/SAT11-HAND/feature_runstatus.arff
% Read /home/misir/Desktop/aslib_data-aslib-v1.1/SAT11-HAND/ground_truth.arff
% Read /home/misir/Desktop/aslib_data-aslib-v1.1/SAT11-HAND/feature_costs.arff
% Read /home/misir/Desktop/aslib_data-aslib-v1.1/SAT11-HAND/cv.arff
% 1-th repetition: 30,29,30,29,30,30,30,30,29,29 distribution
% Used Feature Steps: Pre,Basic,KLB,CG
% Used features: CG_mean,BINARYp,reducedVars,VG_mean,VCG_VAR_mean,VG_min,VCG_VAR_coeff_variation,nvarsOrig,CG_coeff_variation,VG_max,CG_max,POSNEG_RATIO_CLAUSE_max,horn_clauses_fraction,nclauses,vars_clauses_ratio,CG_entropy,UNARY,cluster_coeff_mean,VCG_CLAUSE_coeff_variation,POSNEG_RATIO_VAR_max,VCG_VAR_max,POSNEG_RATIO_VAR_entropy,TRINARYp,POSNEG_RATIO_VAR_min,HORNY_VAR_max,VCG_CLAUSE_mean,VCG_CLAUSE_min,cluster_coeff_entropy,POSNEG_RATIO_CLAUSE_min,HORNY_VAR_coeff_variation,VCG_VAR_min,nvars,nclausesOrig,POSNEG_RATIO_CLAUSE_mean,CG_min,VG_coeff_variation,POSNEG_RATIO_VAR_mean,cluster_coeff_coeff_variation,POSNEG_RATIO_CLAUSE_coeff_variation,VCG_CLAUSE_entropy,VCG_VAR_entropy,cluster_coeff_min,POSNEG_RATIO_VAR_stdev,HORNY_VAR_entropy,cluster_coeff_max,HORNY_VAR_mean,VCG_CLAUSE_max,HORNY_VAR_min,POSNEG_RATIO_CLAUSE_entropy,reducedClauses
% 
% Check Consistency and Completeness of input data
% Instances: 		 296
% Algorithms: 		 15
% Incomplete Feature Vector: 	 0 (maybe imputed)
% Unsolvable Instances (status): 	 77
% Unsolvable Instances (runtime): 	 77
% Valid Instances: 	 219
% Presolved: 		 0
% Average Feature Costs: 	 41.2297
% Use given CV of 1-th repetition
% >>> 1-th iteration<<<
('sr: ', array([ 752.78007446,  141.71290518,  100.67829331,   89.97360645,
         70.99734171,   66.38205319]), ' - svd_k: ', 6)

opt_portfolio:  [0 0 0 0 0 0 0 0 0 0 0 0 0 0 0]
opt_portfolio v2:  set([0, 1, 2, 3, 4, 5, 6, 7, 8, 9, 10, 11, 12, 13, 14])
('top_ft_inx_arr: ', array([ 1,  2,  5,  6,  8,  9, 11, 12, 13, 15, 16, 18, 23, 25, 27, 28, 29,
       31, 32, 35, 37, 38, 45, 46, 47]))
ft_imp_total =  1.0
ft cv scores:  [ 0.36530365  0.15865702  0.34547305  0.3554159   0.5926304   0.27753553
  0.39427888  0.29417471  0.24920754  0.63224319]
top_ft_inx_arr:  [ 1  2  5  6  8  9 11 12 13 15 16 18 23 25 27 28 29 31 32 35 37 38 45 46 47]
(25 out of 50) Features to keep are determined: 1, 2, 5, 6, 8, 9, 11, 12, 13, 15, 16, 18, 23, 25, 27, 28, 29, 31, 32, 35, 37, 38, 45, 46, 47
('No algorithm subset selection, just get the optimal portfolio: ', '0, 1, 2, 3, 4, 5, 6, 7, 8, 9, 10, 11, 12, 13, 14')
(15 out of 15) Algorithms/solvers to keep are determined: 0, 1, 2, 3, 4, 5, 6, 7, 8, 9, 10, 11, 12, 13, 14
('inst_per_cls : ', array([   0.,    1.,    2.,    3.,    4.,    5.,    6.,    7.,    8.,
          9.,   10.,   11.,   12.,   13.,   14.,   15.,   16.,   17.,
         18.,   19.,   20.,   21.,   22.,   23.,   24.,   25.,   26.,
         27.,   28.,   29.,   30.,   31.,   32.,   33.,   34.,   35.,
         36.,   37.,   38.,   39.,   40.,   41.,   42.,   43.,   44.,
         45.,   46.,   47.,   48.,   49.,   50.,   51.,   52.,   53.,
         54.,   55.,   56.,   57.,   58.,   59.,   60.,   61.,   62.,
         63.,   64.,   65.,   66.,   67.,   68.,   69.,   70.,   71.,
         72.,   73.,   74.,   75.,   76.,   77.,   78.,   79.,   80.,
         81.,   82.,   83.,   84.,   85.,   86.,   87.,   88.,   89.,
         90.,   91.,   92.,   93.,   94.,   95.,   96.,   97.,   98.,
         99.,  100.,  101.,  102.,  103.,  104.,  105.,  106.,  107.,
        108.,  109.,  110.,  111.,  112.,  113.,  114.,  115.,  116.,
        117.,  118.,  119.,  120.,  121.,  122.,  123.,  124.,  125.,
        126.,  127.,  128.,  129.,  130.,  131.,  132.,  133.,  134.,
        135.,  136.,  137.,  138.,  139.,  140.,  141.,  142.,  143.,
        144.,  145.,  146.,  147.,  148.,  149.,  150.,  151.,  152.,
        153.,  154.,  155.,  156.,  157.,  158.,  159.,  160.,  161.,
        162.,  163.,  164.,  165.,  166.,  167.,  168.,  169.,  170.,
        171.,  172.,  173.,  174.,  175.,  176.,  177.,  178.,  179.,
        180.,  181.,  182.,  183.,  184.,  185.,  186.,  187.,  188.,
        189.,  190.,  191.,  192.,  193.,  194.,  195.,  196.,  197.,
        198.,  199.,  200.,  201.,  202.,  203.,  204.,  205.,  206.,
        207.,  208.,  209.,  210.,  211.,  212.,  213.,  214.,  215.,
        216.,  217.,  218.,  219.,  220.,  221.,  222.,  223.,  224.,
        225.,  226.,  227.,  228.,  229.,  230.,  231.,  232.,  233.,
        234.,  235.,  236.,  237.,  238.,  239.,  240.,  241.,  242.,
        243.,  244.,  245.,  246.,  247.,  248.,  249.,  250.,  251.,
        252.,  253.,  254.,  255.,  256.,  257.,  258.,  259.,  260.,
        261.,  262.,  263.,  264.,  265.]))
(266 out of 266) Instances to keep are determined: 0.0, 1.0, 2.0, 3.0, 4.0, 5.0, 6.0, 7.0, 8.0, 9.0, 10.0, 11.0, 12.0, 13.0, 14.0, 15.0, 16.0, 17.0, 18.0, 19.0, 20.0, 21.0, 22.0, 23.0, 24.0, 25.0, 26.0, 27.0, 28.0, 29.0, 30.0, 31.0, 32.0, 33.0, 34.0, 35.0, 36.0, 37.0, 38.0, 39.0, 40.0, 41.0, 42.0, 43.0, 44.0, 45.0, 46.0, 47.0, 48.0, 49.0, 50.0, 51.0, 52.0, 53.0, 54.0, 55.0, 56.0, 57.0, 58.0, 59.0, 60.0, 61.0, 62.0, 63.0, 64.0, 65.0, 66.0, 67.0, 68.0, 69.0, 70.0, 71.0, 72.0, 73.0, 74.0, 75.0, 76.0, 77.0, 78.0, 79.0, 80.0, 81.0, 82.0, 83.0, 84.0, 85.0, 86.0, 87.0, 88.0, 89.0, 90.0, 91.0, 92.0, 93.0, 94.0, 95.0, 96.0, 97.0, 98.0, 99.0, 100.0, 101.0, 102.0, 103.0, 104.0, 105.0, 106.0, 107.0, 108.0, 109.0, 110.0, 111.0, 112.0, 113.0, 114.0, 115.0, 116.0, 117.0, 118.0, 119.0, 120.0, 121.0, 122.0, 123.0, 124.0, 125.0, 126.0, 127.0, 128.0, 129.0, 130.0, 131.0, 132.0, 133.0, 134.0, 135.0, 136.0, 137.0, 138.0, 139.0, 140.0, 141.0, 142.0, 143.0, 144.0, 145.0, 146.0, 147.0, 148.0, 149.0, 150.0, 151.0, 152.0, 153.0, 154.0, 155.0, 156.0, 157.0, 158.0, 159.0, 160.0, 161.0, 162.0, 163.0, 164.0, 165.0, 166.0, 167.0, 168.0, 169.0, 170.0, 171.0, 172.0, 173.0, 174.0, 175.0, 176.0, 177.0, 178.0, 179.0, 180.0, 181.0, 182.0, 183.0, 184.0, 185.0, 186.0, 187.0, 188.0, 189.0, 190.0, 191.0, 192.0, 193.0, 194.0, 195.0, 196.0, 197.0, 198.0, 199.0, 200.0, 201.0, 202.0, 203.0, 204.0, 205.0, 206.0, 207.0, 208.0, 209.0, 210.0, 211.0, 212.0, 213.0, 214.0, 215.0, 216.0, 217.0, 218.0, 219.0, 220.0, 221.0, 222.0, 223.0, 224.0, 225.0, 226.0, 227.0, 228.0, 229.0, 230.0, 231.0, 232.0, 233.0, 234.0, 235.0, 236.0, 237.0, 238.0, 239.0, 240.0, 241.0, 242.0, 243.0, 244.0, 245.0, 246.0, 247.0, 248.0, 249.0, 250.0, 251.0, 252.0, 253.0, 254.0, 255.0, 256.0, 257.0, 258.0, 259.0, 260.0, 261.0, 262.0, 263.0, 264.0, 265.0
% Backup Solver: clasp_2.0-R4092-crafted
% Input Instances for Training: 266 (-unsolvable)
% Used Instances for Training: 266 (-unsolvable)
% Train with RANDOMFOREST-CLASSVOTER
% PAR10 on current test set: 15499.22 (30 instances)
% >>> 2-th iteration<<<
('sr: ', array([ 752.07888969,  142.95424373,  101.52283013,   88.84228869,
         71.37802031,   68.69425806]), ' - svd_k: ', 6)

opt_portfolio:  [0 0 0 0 0 0 0 0 0 0 0 0 0 0 0]
opt_portfolio v2:  set([0, 1, 2, 3, 4, 5, 6, 7, 8, 9, 10, 11, 12, 13, 14])
('top_ft_inx_arr: ', array([ 0,  3,  4,  5,  6,  7,  8,  9, 11, 12, 13, 15, 16, 18, 23, 25, 27,
       28, 29, 30, 32, 35, 38, 39, 45]))
ft_imp_total =  1.0
ft cv scores:  [ 0.26279057  0.40943308  0.33505314  0.38906246  0.47775872  0.39411144
  0.46585314  0.00835177  0.17802005  0.52603276]
top_ft_inx_arr:  [ 0  3  4  5  6  7  8  9 11 12 13 15 16 18 23 25 27 28 29 30 32 35 38 39 45]
(25 out of 50) Features to keep are determined: 0, 3, 4, 5, 6, 7, 8, 9, 11, 12, 13, 15, 16, 18, 23, 25, 27, 28, 29, 30, 32, 35, 38, 39, 45
('No algorithm subset selection, just get the optimal portfolio: ', '0, 1, 2, 3, 4, 5, 6, 7, 8, 9, 10, 11, 12, 13, 14')
(15 out of 15) Algorithms/solvers to keep are determined: 0, 1, 2, 3, 4, 5, 6, 7, 8, 9, 10, 11, 12, 13, 14
('inst_per_cls : ', array([   0.,    1.,    2.,    3.,    4.,    5.,    6.,    7.,    8.,
          9.,   10.,   11.,   12.,   13.,   14.,   15.,   16.,   17.,
         18.,   19.,   20.,   21.,   22.,   23.,   24.,   25.,   26.,
         27.,   28.,   29.,   30.,   31.,   32.,   33.,   34.,   35.,
         36.,   37.,   38.,   39.,   40.,   41.,   42.,   43.,   44.,
         45.,   46.,   47.,   48.,   49.,   50.,   51.,   52.,   53.,
         54.,   55.,   56.,   57.,   58.,   59.,   60.,   61.,   62.,
         63.,   64.,   65.,   66.,   67.,   68.,   69.,   70.,   71.,
         72.,   73.,   74.,   75.,   76.,   77.,   78.,   79.,   80.,
         81.,   82.,   83.,   84.,   85.,   86.,   87.,   88.,   89.,
         90.,   91.,   92.,   93.,   94.,   95.,   96.,   97.,   98.,
         99.,  100.,  101.,  102.,  103.,  104.,  105.,  106.,  107.,
        108.,  109.,  110.,  111.,  112.,  113.,  114.,  115.,  116.,
        117.,  118.,  119.,  120.,  121.,  122.,  123.,  124.,  125.,
        126.,  127.,  128.,  129.,  130.,  131.,  132.,  133.,  134.,
        135.,  136.,  137.,  138.,  139.,  140.,  141.,  142.,  143.,
        144.,  145.,  146.,  147.,  148.,  149.,  150.,  151.,  152.,
        153.,  154.,  155.,  156.,  157.,  158.,  159.,  160.,  161.,
        162.,  163.,  164.,  165.,  166.,  167.,  168.,  169.,  170.,
        171.,  172.,  173.,  174.,  175.,  176.,  177.,  178.,  179.,
        180.,  181.,  182.,  183.,  184.,  185.,  186.,  187.,  188.,
        189.,  190.,  191.,  192.,  193.,  194.,  195.,  196.,  197.,
        198.,  199.,  200.,  201.,  202.,  203.,  204.,  205.,  206.,
        207.,  208.,  209.,  210.,  211.,  212.,  213.,  214.,  215.,
        216.,  217.,  218.,  219.,  220.,  221.,  222.,  223.,  224.,
        225.,  226.,  227.,  228.,  229.,  230.,  231.,  232.,  233.,
        234.,  235.,  236.,  237.,  238.,  239.,  240.,  241.,  242.,
        243.,  244.,  245.,  246.,  247.,  248.,  249.,  250.,  251.,
        252.,  253.,  254.,  255.,  256.,  257.,  258.,  259.,  260.,
        261.,  262.,  263.,  264.,  265.,  266.]))
(267 out of 267) Instances to keep are determined: 0.0, 1.0, 2.0, 3.0, 4.0, 5.0, 6.0, 7.0, 8.0, 9.0, 10.0, 11.0, 12.0, 13.0, 14.0, 15.0, 16.0, 17.0, 18.0, 19.0, 20.0, 21.0, 22.0, 23.0, 24.0, 25.0, 26.0, 27.0, 28.0, 29.0, 30.0, 31.0, 32.0, 33.0, 34.0, 35.0, 36.0, 37.0, 38.0, 39.0, 40.0, 41.0, 42.0, 43.0, 44.0, 45.0, 46.0, 47.0, 48.0, 49.0, 50.0, 51.0, 52.0, 53.0, 54.0, 55.0, 56.0, 57.0, 58.0, 59.0, 60.0, 61.0, 62.0, 63.0, 64.0, 65.0, 66.0, 67.0, 68.0, 69.0, 70.0, 71.0, 72.0, 73.0, 74.0, 75.0, 76.0, 77.0, 78.0, 79.0, 80.0, 81.0, 82.0, 83.0, 84.0, 85.0, 86.0, 87.0, 88.0, 89.0, 90.0, 91.0, 92.0, 93.0, 94.0, 95.0, 96.0, 97.0, 98.0, 99.0, 100.0, 101.0, 102.0, 103.0, 104.0, 105.0, 106.0, 107.0, 108.0, 109.0, 110.0, 111.0, 112.0, 113.0, 114.0, 115.0, 116.0, 117.0, 118.0, 119.0, 120.0, 121.0, 122.0, 123.0, 124.0, 125.0, 126.0, 127.0, 128.0, 129.0, 130.0, 131.0, 132.0, 133.0, 134.0, 135.0, 136.0, 137.0, 138.0, 139.0, 140.0, 141.0, 142.0, 143.0, 144.0, 145.0, 146.0, 147.0, 148.0, 149.0, 150.0, 151.0, 152.0, 153.0, 154.0, 155.0, 156.0, 157.0, 158.0, 159.0, 160.0, 161.0, 162.0, 163.0, 164.0, 165.0, 166.0, 167.0, 168.0, 169.0, 170.0, 171.0, 172.0, 173.0, 174.0, 175.0, 176.0, 177.0, 178.0, 179.0, 180.0, 181.0, 182.0, 183.0, 184.0, 185.0, 186.0, 187.0, 188.0, 189.0, 190.0, 191.0, 192.0, 193.0, 194.0, 195.0, 196.0, 197.0, 198.0, 199.0, 200.0, 201.0, 202.0, 203.0, 204.0, 205.0, 206.0, 207.0, 208.0, 209.0, 210.0, 211.0, 212.0, 213.0, 214.0, 215.0, 216.0, 217.0, 218.0, 219.0, 220.0, 221.0, 222.0, 223.0, 224.0, 225.0, 226.0, 227.0, 228.0, 229.0, 230.0, 231.0, 232.0, 233.0, 234.0, 235.0, 236.0, 237.0, 238.0, 239.0, 240.0, 241.0, 242.0, 243.0, 244.0, 245.0, 246.0, 247.0, 248.0, 249.0, 250.0, 251.0, 252.0, 253.0, 254.0, 255.0, 256.0, 257.0, 258.0, 259.0, 260.0, 261.0, 262.0, 263.0, 264.0, 265.0, 266.0
% Backup Solver: SAT09referencesolverclasp_1.2.0-SAT09-32
% Input Instances for Training: 267 (-unsolvable)
% Used Instances for Training: 267 (-unsolvable)
% Train with RANDOMFOREST-CLASSVOTER
% PAR10 on current test set: 17810.61 (29 instances)
% >>> 3-th iteration<<<
('sr: ', array([ 754.70496381,  141.67315878,   99.48811526,   89.75219519,
         70.2373405 ,   67.2408835 ]), ' - svd_k: ', 6)

opt_portfolio:  [0 0 0 0 0 0 0 0 0 0 0 0 0 0 0]
opt_portfolio v2:  set([0, 1, 2, 3, 4, 5, 6, 7, 8, 9, 10, 11, 12, 13, 14])
('top_ft_inx_arr: ', array([ 5,  7,  8, 11, 13, 15, 16, 18, 20, 21, 23, 27, 28, 29, 31, 33, 34,
       35, 36, 37, 38, 45, 46, 47, 49]))
ft_imp_total =  1.0
ft cv scores:  [ 0.37742204  0.321384    0.25137483  0.46189124  0.39127004  0.43467377
  0.28298553  0.23223119  0.1610214   0.60054444]
top_ft_inx_arr:  [ 5  7  8 11 13 15 16 18 20 21 23 27 28 29 31 33 34 35 36 37 38 45 46 47 49]
(25 out of 50) Features to keep are determined: 5, 7, 8, 11, 13, 15, 16, 18, 20, 21, 23, 27, 28, 29, 31, 33, 34, 35, 36, 37, 38, 45, 46, 47, 49
('No algorithm subset selection, just get the optimal portfolio: ', '0, 1, 2, 3, 4, 5, 6, 7, 8, 9, 10, 11, 12, 13, 14')
(15 out of 15) Algorithms/solvers to keep are determined: 0, 1, 2, 3, 4, 5, 6, 7, 8, 9, 10, 11, 12, 13, 14
('inst_per_cls : ', array([   0.,    1.,    2.,    3.,    4.,    5.,    6.,    7.,    8.,
          9.,   10.,   11.,   12.,   13.,   14.,   15.,   16.,   17.,
         18.,   19.,   20.,   21.,   22.,   23.,   24.,   25.,   26.,
         27.,   28.,   29.,   30.,   31.,   32.,   33.,   34.,   35.,
         36.,   37.,   38.,   39.,   40.,   41.,   42.,   43.,   44.,
         45.,   46.,   47.,   48.,   49.,   50.,   51.,   52.,   53.,
         54.,   55.,   56.,   57.,   58.,   59.,   60.,   61.,   62.,
         63.,   64.,   65.,   66.,   67.,   68.,   69.,   70.,   71.,
         72.,   73.,   74.,   75.,   76.,   77.,   78.,   79.,   80.,
         81.,   82.,   83.,   84.,   85.,   86.,   87.,   88.,   89.,
         90.,   91.,   92.,   93.,   94.,   95.,   96.,   97.,   98.,
         99.,  100.,  101.,  102.,  103.,  104.,  105.,  106.,  107.,
        108.,  109.,  110.,  111.,  112.,  113.,  114.,  115.,  116.,
        117.,  118.,  119.,  120.,  121.,  122.,  123.,  124.,  125.,
        126.,  127.,  128.,  129.,  130.,  131.,  132.,  133.,  134.,
        135.,  136.,  137.,  138.,  139.,  140.,  141.,  142.,  143.,
        144.,  145.,  146.,  147.,  148.,  149.,  150.,  151.,  152.,
        153.,  154.,  155.,  156.,  157.,  158.,  159.,  160.,  161.,
        162.,  163.,  164.,  165.,  166.,  167.,  168.,  169.,  170.,
        171.,  172.,  173.,  174.,  175.,  176.,  177.,  178.,  179.,
        180.,  181.,  182.,  183.,  184.,  185.,  186.,  187.,  188.,
        189.,  190.,  191.,  192.,  193.,  194.,  195.,  196.,  197.,
        198.,  199.,  200.,  201.,  202.,  203.,  204.,  205.,  206.,
        207.,  208.,  209.,  210.,  211.,  212.,  213.,  214.,  215.,
        216.,  217.,  218.,  219.,  220.,  221.,  222.,  223.,  224.,
        225.,  226.,  227.,  228.,  229.,  230.,  231.,  232.,  233.,
        234.,  235.,  236.,  237.,  238.,  239.,  240.,  241.,  242.,
        243.,  244.,  245.,  246.,  247.,  248.,  249.,  250.,  251.,
        252.,  253.,  254.,  255.,  256.,  257.,  258.,  259.,  260.,
        261.,  262.,  263.,  264.,  265.]))
(266 out of 266) Instances to keep are determined: 0.0, 1.0, 2.0, 3.0, 4.0, 5.0, 6.0, 7.0, 8.0, 9.0, 10.0, 11.0, 12.0, 13.0, 14.0, 15.0, 16.0, 17.0, 18.0, 19.0, 20.0, 21.0, 22.0, 23.0, 24.0, 25.0, 26.0, 27.0, 28.0, 29.0, 30.0, 31.0, 32.0, 33.0, 34.0, 35.0, 36.0, 37.0, 38.0, 39.0, 40.0, 41.0, 42.0, 43.0, 44.0, 45.0, 46.0, 47.0, 48.0, 49.0, 50.0, 51.0, 52.0, 53.0, 54.0, 55.0, 56.0, 57.0, 58.0, 59.0, 60.0, 61.0, 62.0, 63.0, 64.0, 65.0, 66.0, 67.0, 68.0, 69.0, 70.0, 71.0, 72.0, 73.0, 74.0, 75.0, 76.0, 77.0, 78.0, 79.0, 80.0, 81.0, 82.0, 83.0, 84.0, 85.0, 86.0, 87.0, 88.0, 89.0, 90.0, 91.0, 92.0, 93.0, 94.0, 95.0, 96.0, 97.0, 98.0, 99.0, 100.0, 101.0, 102.0, 103.0, 104.0, 105.0, 106.0, 107.0, 108.0, 109.0, 110.0, 111.0, 112.0, 113.0, 114.0, 115.0, 116.0, 117.0, 118.0, 119.0, 120.0, 121.0, 122.0, 123.0, 124.0, 125.0, 126.0, 127.0, 128.0, 129.0, 130.0, 131.0, 132.0, 133.0, 134.0, 135.0, 136.0, 137.0, 138.0, 139.0, 140.0, 141.0, 142.0, 143.0, 144.0, 145.0, 146.0, 147.0, 148.0, 149.0, 150.0, 151.0, 152.0, 153.0, 154.0, 155.0, 156.0, 157.0, 158.0, 159.0, 160.0, 161.0, 162.0, 163.0, 164.0, 165.0, 166.0, 167.0, 168.0, 169.0, 170.0, 171.0, 172.0, 173.0, 174.0, 175.0, 176.0, 177.0, 178.0, 179.0, 180.0, 181.0, 182.0, 183.0, 184.0, 185.0, 186.0, 187.0, 188.0, 189.0, 190.0, 191.0, 192.0, 193.0, 194.0, 195.0, 196.0, 197.0, 198.0, 199.0, 200.0, 201.0, 202.0, 203.0, 204.0, 205.0, 206.0, 207.0, 208.0, 209.0, 210.0, 211.0, 212.0, 213.0, 214.0, 215.0, 216.0, 217.0, 218.0, 219.0, 220.0, 221.0, 222.0, 223.0, 224.0, 225.0, 226.0, 227.0, 228.0, 229.0, 230.0, 231.0, 232.0, 233.0, 234.0, 235.0, 236.0, 237.0, 238.0, 239.0, 240.0, 241.0, 242.0, 243.0, 244.0, 245.0, 246.0, 247.0, 248.0, 249.0, 250.0, 251.0, 252.0, 253.0, 254.0, 255.0, 256.0, 257.0, 258.0, 259.0, 260.0, 261.0, 262.0, 263.0, 264.0, 265.0
% Backup Solver: clasp_2.0-R4092-crafted
% Input Instances for Training: 266 (-unsolvable)
% Used Instances for Training: 266 (-unsolvable)
% Train with RANDOMFOREST-CLASSVOTER
% PAR10 on current test set: 13652.13 (30 instances)
% >>> 4-th iteration<<<
('sr: ', array([ 752.47616531,  141.7288821 ,  100.53528778,   89.73061728,
         70.45085741,   65.92127294]), ' - svd_k: ', 6)

opt_portfolio:  [0 0 0 0 0 0 0 0 0 0 0 0 0 0 0]
opt_portfolio v2:  set([0, 1, 2, 3, 4, 5, 6, 7, 8, 9, 10, 11, 12, 13, 14])
('top_ft_inx_arr: ', array([ 4,  5,  7,  8, 11, 13, 15, 16, 18, 22, 23, 26, 27, 28, 29, 32, 35,
       36, 38, 41, 43, 44, 45, 47, 49]))
ft_imp_total =  1.0
ft cv scores:  [ 0.44720117  0.32240033  0.20662297  0.38403375  0.50357571  0.3326703
  0.41039036  0.20554265  0.36956487  0.50532203]
top_ft_inx_arr:  [ 4  5  7  8 11 13 15 16 18 22 23 26 27 28 29 32 35 36 38 41 43 44 45 47 49]
(25 out of 50) Features to keep are determined: 4, 5, 7, 8, 11, 13, 15, 16, 18, 22, 23, 26, 27, 28, 29, 32, 35, 36, 38, 41, 43, 44, 45, 47, 49
('No algorithm subset selection, just get the optimal portfolio: ', '0, 1, 2, 3, 4, 5, 6, 7, 8, 9, 10, 11, 12, 13, 14')
(15 out of 15) Algorithms/solvers to keep are determined: 0, 1, 2, 3, 4, 5, 6, 7, 8, 9, 10, 11, 12, 13, 14
('inst_per_cls : ', array([   0.,    1.,    2.,    3.,    4.,    5.,    6.,    7.,    8.,
          9.,   10.,   11.,   12.,   13.,   14.,   15.,   16.,   17.,
         18.,   19.,   20.,   21.,   22.,   23.,   24.,   25.,   26.,
         27.,   28.,   29.,   30.,   31.,   32.,   33.,   34.,   35.,
         36.,   37.,   38.,   39.,   40.,   41.,   42.,   43.,   44.,
         45.,   46.,   47.,   48.,   49.,   50.,   51.,   52.,   53.,
         54.,   55.,   56.,   57.,   58.,   59.,   60.,   61.,   62.,
         63.,   64.,   65.,   66.,   67.,   68.,   69.,   70.,   71.,
         72.,   73.,   74.,   75.,   76.,   77.,   78.,   79.,   80.,
         81.,   82.,   83.,   84.,   85.,   86.,   87.,   88.,   89.,
         90.,   91.,   92.,   93.,   94.,   95.,   96.,   97.,   98.,
         99.,  100.,  101.,  102.,  103.,  104.,  105.,  106.,  107.,
        108.,  109.,  110.,  111.,  112.,  113.,  114.,  115.,  116.,
        117.,  118.,  119.,  120.,  121.,  122.,  123.,  124.,  125.,
        126.,  127.,  128.,  129.,  130.,  131.,  132.,  133.,  134.,
        135.,  136.,  137.,  138.,  139.,  140.,  141.,  142.,  143.,
        144.,  145.,  146.,  147.,  148.,  149.,  150.,  151.,  152.,
        153.,  154.,  155.,  156.,  157.,  158.,  159.,  160.,  161.,
        162.,  163.,  164.,  165.,  166.,  167.,  168.,  169.,  170.,
        171.,  172.,  173.,  174.,  175.,  176.,  177.,  178.,  179.,
        180.,  181.,  182.,  183.,  184.,  185.,  186.,  187.,  188.,
        189.,  190.,  191.,  192.,  193.,  194.,  195.,  196.,  197.,
        198.,  199.,  200.,  201.,  202.,  203.,  204.,  205.,  206.,
        207.,  208.,  209.,  210.,  211.,  212.,  213.,  214.,  215.,
        216.,  217.,  218.,  219.,  220.,  221.,  222.,  223.,  224.,
        225.,  226.,  227.,  228.,  229.,  230.,  231.,  232.,  233.,
        234.,  235.,  236.,  237.,  238.,  239.,  240.,  241.,  242.,
        243.,  244.,  245.,  246.,  247.,  248.,  249.,  250.,  251.,
        252.,  253.,  254.,  255.,  256.,  257.,  258.,  259.,  260.,
        261.,  262.,  263.,  264.,  265.,  266.]))
(267 out of 267) Instances to keep are determined: 0.0, 1.0, 2.0, 3.0, 4.0, 5.0, 6.0, 7.0, 8.0, 9.0, 10.0, 11.0, 12.0, 13.0, 14.0, 15.0, 16.0, 17.0, 18.0, 19.0, 20.0, 21.0, 22.0, 23.0, 24.0, 25.0, 26.0, 27.0, 28.0, 29.0, 30.0, 31.0, 32.0, 33.0, 34.0, 35.0, 36.0, 37.0, 38.0, 39.0, 40.0, 41.0, 42.0, 43.0, 44.0, 45.0, 46.0, 47.0, 48.0, 49.0, 50.0, 51.0, 52.0, 53.0, 54.0, 55.0, 56.0, 57.0, 58.0, 59.0, 60.0, 61.0, 62.0, 63.0, 64.0, 65.0, 66.0, 67.0, 68.0, 69.0, 70.0, 71.0, 72.0, 73.0, 74.0, 75.0, 76.0, 77.0, 78.0, 79.0, 80.0, 81.0, 82.0, 83.0, 84.0, 85.0, 86.0, 87.0, 88.0, 89.0, 90.0, 91.0, 92.0, 93.0, 94.0, 95.0, 96.0, 97.0, 98.0, 99.0, 100.0, 101.0, 102.0, 103.0, 104.0, 105.0, 106.0, 107.0, 108.0, 109.0, 110.0, 111.0, 112.0, 113.0, 114.0, 115.0, 116.0, 117.0, 118.0, 119.0, 120.0, 121.0, 122.0, 123.0, 124.0, 125.0, 126.0, 127.0, 128.0, 129.0, 130.0, 131.0, 132.0, 133.0, 134.0, 135.0, 136.0, 137.0, 138.0, 139.0, 140.0, 141.0, 142.0, 143.0, 144.0, 145.0, 146.0, 147.0, 148.0, 149.0, 150.0, 151.0, 152.0, 153.0, 154.0, 155.0, 156.0, 157.0, 158.0, 159.0, 160.0, 161.0, 162.0, 163.0, 164.0, 165.0, 166.0, 167.0, 168.0, 169.0, 170.0, 171.0, 172.0, 173.0, 174.0, 175.0, 176.0, 177.0, 178.0, 179.0, 180.0, 181.0, 182.0, 183.0, 184.0, 185.0, 186.0, 187.0, 188.0, 189.0, 190.0, 191.0, 192.0, 193.0, 194.0, 195.0, 196.0, 197.0, 198.0, 199.0, 200.0, 201.0, 202.0, 203.0, 204.0, 205.0, 206.0, 207.0, 208.0, 209.0, 210.0, 211.0, 212.0, 213.0, 214.0, 215.0, 216.0, 217.0, 218.0, 219.0, 220.0, 221.0, 222.0, 223.0, 224.0, 225.0, 226.0, 227.0, 228.0, 229.0, 230.0, 231.0, 232.0, 233.0, 234.0, 235.0, 236.0, 237.0, 238.0, 239.0, 240.0, 241.0, 242.0, 243.0, 244.0, 245.0, 246.0, 247.0, 248.0, 249.0, 250.0, 251.0, 252.0, 253.0, 254.0, 255.0, 256.0, 257.0, 258.0, 259.0, 260.0, 261.0, 262.0, 263.0, 264.0, 265.0, 266.0
% Backup Solver: SAT09referencesolverclasp_1.2.0-SAT09-32
% Input Instances for Training: 267 (-unsolvable)
% Used Instances for Training: 267 (-unsolvable)
% Train with RANDOMFOREST-CLASSVOTER
% PAR10 on current test set: 17858.36 (29 instances)
% >>> 5-th iteration<<<
('sr: ', array([ 744.60598355,  143.98530435,  101.613028  ,   91.93588963,
         70.66639824,   67.17568698]), ' - svd_k: ', 6)

opt_portfolio:  [0 0 0 0 0 0 0 0 0 0 0 0 0 0 0]
opt_portfolio v2:  set([0, 1, 2, 3, 4, 5, 6, 7, 8, 9, 10, 11, 12, 13, 14])
('top_ft_inx_arr: ', array([ 4,  5, 11, 12, 13, 15, 16, 18, 20, 23, 25, 26, 27, 28, 29, 31, 32,
       33, 35, 36, 38, 41, 45, 46, 47]))
ft_imp_total =  1.0
ft cv scores:  [ 0.34682246  0.32334974  0.40211354  0.47455968  0.40386127  0.27276019
  0.37245442  0.167085    0.41851394  0.52360551]
top_ft_inx_arr:  [ 4  5 11 12 13 15 16 18 20 23 25 26 27 28 29 31 32 33 35 36 38 41 45 46 47]
(25 out of 50) Features to keep are determined: 4, 5, 11, 12, 13, 15, 16, 18, 20, 23, 25, 26, 27, 28, 29, 31, 32, 33, 35, 36, 38, 41, 45, 46, 47
('No algorithm subset selection, just get the optimal portfolio: ', '0, 1, 2, 3, 4, 5, 6, 7, 8, 9, 10, 11, 12, 13, 14')
(15 out of 15) Algorithms/solvers to keep are determined: 0, 1, 2, 3, 4, 5, 6, 7, 8, 9, 10, 11, 12, 13, 14
('inst_per_cls : ', array([   0.,    1.,    2.,    3.,    4.,    5.,    6.,    7.,    8.,
          9.,   10.,   11.,   12.,   13.,   14.,   15.,   16.,   17.,
         18.,   19.,   20.,   21.,   22.,   23.,   24.,   25.,   26.,
         27.,   28.,   29.,   30.,   31.,   32.,   33.,   34.,   35.,
         36.,   37.,   38.,   39.,   40.,   41.,   42.,   43.,   44.,
         45.,   46.,   47.,   48.,   49.,   50.,   51.,   52.,   53.,
         54.,   55.,   56.,   57.,   58.,   59.,   60.,   61.,   62.,
         63.,   64.,   65.,   66.,   67.,   68.,   69.,   70.,   71.,
         72.,   73.,   74.,   75.,   76.,   77.,   78.,   79.,   80.,
         81.,   82.,   83.,   84.,   85.,   86.,   87.,   88.,   89.,
         90.,   91.,   92.,   93.,   94.,   95.,   96.,   97.,   98.,
         99.,  100.,  101.,  102.,  103.,  104.,  105.,  106.,  107.,
        108.,  109.,  110.,  111.,  112.,  113.,  114.,  115.,  116.,
        117.,  118.,  119.,  120.,  121.,  122.,  123.,  124.,  125.,
        126.,  127.,  128.,  129.,  130.,  131.,  132.,  133.,  134.,
        135.,  136.,  137.,  138.,  139.,  140.,  141.,  142.,  143.,
        144.,  145.,  146.,  147.,  148.,  149.,  150.,  151.,  152.,
        153.,  154.,  155.,  156.,  157.,  158.,  159.,  160.,  161.,
        162.,  163.,  164.,  165.,  166.,  167.,  168.,  169.,  170.,
        171.,  172.,  173.,  174.,  175.,  176.,  177.,  178.,  179.,
        180.,  181.,  182.,  183.,  184.,  185.,  186.,  187.,  188.,
        189.,  190.,  191.,  192.,  193.,  194.,  195.,  196.,  197.,
        198.,  199.,  200.,  201.,  202.,  203.,  204.,  205.,  206.,
        207.,  208.,  209.,  210.,  211.,  212.,  213.,  214.,  215.,
        216.,  217.,  218.,  219.,  220.,  221.,  222.,  223.,  224.,
        225.,  226.,  227.,  228.,  229.,  230.,  231.,  232.,  233.,
        234.,  235.,  236.,  237.,  238.,  239.,  240.,  241.,  242.,
        243.,  244.,  245.,  246.,  247.,  248.,  249.,  250.,  251.,
        252.,  253.,  254.,  255.,  256.,  257.,  258.,  259.,  260.,
        261.,  262.,  263.,  264.,  265.]))
(266 out of 266) Instances to keep are determined: 0.0, 1.0, 2.0, 3.0, 4.0, 5.0, 6.0, 7.0, 8.0, 9.0, 10.0, 11.0, 12.0, 13.0, 14.0, 15.0, 16.0, 17.0, 18.0, 19.0, 20.0, 21.0, 22.0, 23.0, 24.0, 25.0, 26.0, 27.0, 28.0, 29.0, 30.0, 31.0, 32.0, 33.0, 34.0, 35.0, 36.0, 37.0, 38.0, 39.0, 40.0, 41.0, 42.0, 43.0, 44.0, 45.0, 46.0, 47.0, 48.0, 49.0, 50.0, 51.0, 52.0, 53.0, 54.0, 55.0, 56.0, 57.0, 58.0, 59.0, 60.0, 61.0, 62.0, 63.0, 64.0, 65.0, 66.0, 67.0, 68.0, 69.0, 70.0, 71.0, 72.0, 73.0, 74.0, 75.0, 76.0, 77.0, 78.0, 79.0, 80.0, 81.0, 82.0, 83.0, 84.0, 85.0, 86.0, 87.0, 88.0, 89.0, 90.0, 91.0, 92.0, 93.0, 94.0, 95.0, 96.0, 97.0, 98.0, 99.0, 100.0, 101.0, 102.0, 103.0, 104.0, 105.0, 106.0, 107.0, 108.0, 109.0, 110.0, 111.0, 112.0, 113.0, 114.0, 115.0, 116.0, 117.0, 118.0, 119.0, 120.0, 121.0, 122.0, 123.0, 124.0, 125.0, 126.0, 127.0, 128.0, 129.0, 130.0, 131.0, 132.0, 133.0, 134.0, 135.0, 136.0, 137.0, 138.0, 139.0, 140.0, 141.0, 142.0, 143.0, 144.0, 145.0, 146.0, 147.0, 148.0, 149.0, 150.0, 151.0, 152.0, 153.0, 154.0, 155.0, 156.0, 157.0, 158.0, 159.0, 160.0, 161.0, 162.0, 163.0, 164.0, 165.0, 166.0, 167.0, 168.0, 169.0, 170.0, 171.0, 172.0, 173.0, 174.0, 175.0, 176.0, 177.0, 178.0, 179.0, 180.0, 181.0, 182.0, 183.0, 184.0, 185.0, 186.0, 187.0, 188.0, 189.0, 190.0, 191.0, 192.0, 193.0, 194.0, 195.0, 196.0, 197.0, 198.0, 199.0, 200.0, 201.0, 202.0, 203.0, 204.0, 205.0, 206.0, 207.0, 208.0, 209.0, 210.0, 211.0, 212.0, 213.0, 214.0, 215.0, 216.0, 217.0, 218.0, 219.0, 220.0, 221.0, 222.0, 223.0, 224.0, 225.0, 226.0, 227.0, 228.0, 229.0, 230.0, 231.0, 232.0, 233.0, 234.0, 235.0, 236.0, 237.0, 238.0, 239.0, 240.0, 241.0, 242.0, 243.0, 244.0, 245.0, 246.0, 247.0, 248.0, 249.0, 250.0, 251.0, 252.0, 253.0, 254.0, 255.0, 256.0, 257.0, 258.0, 259.0, 260.0, 261.0, 262.0, 263.0, 264.0, 265.0
% Backup Solver: clasp_2.0-R4092-crafted
% Input Instances for Training: 266 (-unsolvable)
% Used Instances for Training: 266 (-unsolvable)
% Train with RANDOMFOREST-CLASSVOTER
% PAR10 on current test set: 23699.10 (30 instances)
% >>> 6-th iteration<<<
('sr: ', array([ 752.5417709 ,  140.88836917,  100.2911419 ,   92.57701932,
         70.39346729,   67.85600432]), ' - svd_k: ', 6)

opt_portfolio:  [0 0 0 0 0 0 0 0 0 0 0 0 0 0 0]
opt_portfolio v2:  set([0, 1, 2, 3, 4, 5, 6, 7, 8, 9, 10, 11, 12, 13, 14])
('top_ft_inx_arr: ', array([ 0,  1,  2,  4,  5,  7, 11, 13, 15, 16, 18, 23, 25, 27, 28, 29, 31,
       32, 35, 38, 39, 44, 45, 47, 48]))
ft_imp_total =  1.0
ft cv scores:  [ 0.33400841  0.25952142  0.35296902  0.48134883  0.45180653  0.32988615
  0.36374399  0.3521862   0.27432947  0.51607871]
top_ft_inx_arr:  [ 0  1  2  4  5  7 11 13 15 16 18 23 25 27 28 29 31 32 35 38 39 44 45 47 48]
(25 out of 50) Features to keep are determined: 0, 1, 2, 4, 5, 7, 11, 13, 15, 16, 18, 23, 25, 27, 28, 29, 31, 32, 35, 38, 39, 44, 45, 47, 48
('No algorithm subset selection, just get the optimal portfolio: ', '0, 1, 2, 3, 4, 5, 6, 7, 8, 9, 10, 11, 12, 13, 14')
(15 out of 15) Algorithms/solvers to keep are determined: 0, 1, 2, 3, 4, 5, 6, 7, 8, 9, 10, 11, 12, 13, 14
('inst_per_cls : ', array([   0.,    1.,    2.,    3.,    4.,    5.,    6.,    7.,    8.,
          9.,   10.,   11.,   12.,   13.,   14.,   15.,   16.,   17.,
         18.,   19.,   20.,   21.,   22.,   23.,   24.,   25.,   26.,
         27.,   28.,   29.,   30.,   31.,   32.,   33.,   34.,   35.,
         36.,   37.,   38.,   39.,   40.,   41.,   42.,   43.,   44.,
         45.,   46.,   47.,   48.,   49.,   50.,   51.,   52.,   53.,
         54.,   55.,   56.,   57.,   58.,   59.,   60.,   61.,   62.,
         63.,   64.,   65.,   66.,   67.,   68.,   69.,   70.,   71.,
         72.,   73.,   74.,   75.,   76.,   77.,   78.,   79.,   80.,
         81.,   82.,   83.,   84.,   85.,   86.,   87.,   88.,   89.,
         90.,   91.,   92.,   93.,   94.,   95.,   96.,   97.,   98.,
         99.,  100.,  101.,  102.,  103.,  104.,  105.,  106.,  107.,
        108.,  109.,  110.,  111.,  112.,  113.,  114.,  115.,  116.,
        117.,  118.,  119.,  120.,  121.,  122.,  123.,  124.,  125.,
        126.,  127.,  128.,  129.,  130.,  131.,  132.,  133.,  134.,
        135.,  136.,  137.,  138.,  139.,  140.,  141.,  142.,  143.,
        144.,  145.,  146.,  147.,  148.,  149.,  150.,  151.,  152.,
        153.,  154.,  155.,  156.,  157.,  158.,  159.,  160.,  161.,
        162.,  163.,  164.,  165.,  166.,  167.,  168.,  169.,  170.,
        171.,  172.,  173.,  174.,  175.,  176.,  177.,  178.,  179.,
        180.,  181.,  182.,  183.,  184.,  185.,  186.,  187.,  188.,
        189.,  190.,  191.,  192.,  193.,  194.,  195.,  196.,  197.,
        198.,  199.,  200.,  201.,  202.,  203.,  204.,  205.,  206.,
        207.,  208.,  209.,  210.,  211.,  212.,  213.,  214.,  215.,
        216.,  217.,  218.,  219.,  220.,  221.,  222.,  223.,  224.,
        225.,  226.,  227.,  228.,  229.,  230.,  231.,  232.,  233.,
        234.,  235.,  236.,  237.,  238.,  239.,  240.,  241.,  242.,
        243.,  244.,  245.,  246.,  247.,  248.,  249.,  250.,  251.,
        252.,  253.,  254.,  255.,  256.,  257.,  258.,  259.,  260.,
        261.,  262.,  263.,  264.,  265.]))
(266 out of 266) Instances to keep are determined: 0.0, 1.0, 2.0, 3.0, 4.0, 5.0, 6.0, 7.0, 8.0, 9.0, 10.0, 11.0, 12.0, 13.0, 14.0, 15.0, 16.0, 17.0, 18.0, 19.0, 20.0, 21.0, 22.0, 23.0, 24.0, 25.0, 26.0, 27.0, 28.0, 29.0, 30.0, 31.0, 32.0, 33.0, 34.0, 35.0, 36.0, 37.0, 38.0, 39.0, 40.0, 41.0, 42.0, 43.0, 44.0, 45.0, 46.0, 47.0, 48.0, 49.0, 50.0, 51.0, 52.0, 53.0, 54.0, 55.0, 56.0, 57.0, 58.0, 59.0, 60.0, 61.0, 62.0, 63.0, 64.0, 65.0, 66.0, 67.0, 68.0, 69.0, 70.0, 71.0, 72.0, 73.0, 74.0, 75.0, 76.0, 77.0, 78.0, 79.0, 80.0, 81.0, 82.0, 83.0, 84.0, 85.0, 86.0, 87.0, 88.0, 89.0, 90.0, 91.0, 92.0, 93.0, 94.0, 95.0, 96.0, 97.0, 98.0, 99.0, 100.0, 101.0, 102.0, 103.0, 104.0, 105.0, 106.0, 107.0, 108.0, 109.0, 110.0, 111.0, 112.0, 113.0, 114.0, 115.0, 116.0, 117.0, 118.0, 119.0, 120.0, 121.0, 122.0, 123.0, 124.0, 125.0, 126.0, 127.0, 128.0, 129.0, 130.0, 131.0, 132.0, 133.0, 134.0, 135.0, 136.0, 137.0, 138.0, 139.0, 140.0, 141.0, 142.0, 143.0, 144.0, 145.0, 146.0, 147.0, 148.0, 149.0, 150.0, 151.0, 152.0, 153.0, 154.0, 155.0, 156.0, 157.0, 158.0, 159.0, 160.0, 161.0, 162.0, 163.0, 164.0, 165.0, 166.0, 167.0, 168.0, 169.0, 170.0, 171.0, 172.0, 173.0, 174.0, 175.0, 176.0, 177.0, 178.0, 179.0, 180.0, 181.0, 182.0, 183.0, 184.0, 185.0, 186.0, 187.0, 188.0, 189.0, 190.0, 191.0, 192.0, 193.0, 194.0, 195.0, 196.0, 197.0, 198.0, 199.0, 200.0, 201.0, 202.0, 203.0, 204.0, 205.0, 206.0, 207.0, 208.0, 209.0, 210.0, 211.0, 212.0, 213.0, 214.0, 215.0, 216.0, 217.0, 218.0, 219.0, 220.0, 221.0, 222.0, 223.0, 224.0, 225.0, 226.0, 227.0, 228.0, 229.0, 230.0, 231.0, 232.0, 233.0, 234.0, 235.0, 236.0, 237.0, 238.0, 239.0, 240.0, 241.0, 242.0, 243.0, 244.0, 245.0, 246.0, 247.0, 248.0, 249.0, 250.0, 251.0, 252.0, 253.0, 254.0, 255.0, 256.0, 257.0, 258.0, 259.0, 260.0, 261.0, 262.0, 263.0, 264.0, 265.0
% Backup Solver: SAT09referencesolverclasp_1.2.0-SAT09-32
% Input Instances for Training: 266 (-unsolvable)
% Used Instances for Training: 266 (-unsolvable)
% Train with RANDOMFOREST-CLASSVOTER
% PAR10 on current test set: 17113.36 (30 instances)
% >>> 7-th iteration<<<
('sr: ', array([ 750.41145097,  140.20114662,   95.71311675,   90.82387539,
         67.91338585,   67.25632745]), ' - svd_k: ', 6)

opt_portfolio:  [0 0 0 0 0 0 0 0 0 0 0 0 0 0 0]
opt_portfolio v2:  set([0, 1, 2, 3, 4, 5, 6, 7, 8, 9, 10, 11, 12, 13, 14])
('top_ft_inx_arr: ', array([ 4,  5,  6,  7,  8, 11, 12, 13, 15, 16, 18, 23, 25, 26, 27, 28, 29,
       31, 35, 36, 38, 45, 46, 47, 48]))
ft_imp_total =  1.0
ft cv scores:  [ 0.31157681  0.40940787  0.26506743  0.27182965  0.51452105  0.26308304
  0.32045578  0.32835984  0.29169539  0.40718103]
top_ft_inx_arr:  [ 4  5  6  7  8 11 12 13 15 16 18 23 25 26 27 28 29 31 35 36 38 45 46 47 48]
(25 out of 50) Features to keep are determined: 4, 5, 6, 7, 8, 11, 12, 13, 15, 16, 18, 23, 25, 26, 27, 28, 29, 31, 35, 36, 38, 45, 46, 47, 48
('No algorithm subset selection, just get the optimal portfolio: ', '0, 1, 2, 3, 4, 5, 6, 7, 8, 9, 10, 11, 12, 13, 14')
(15 out of 15) Algorithms/solvers to keep are determined: 0, 1, 2, 3, 4, 5, 6, 7, 8, 9, 10, 11, 12, 13, 14
('inst_per_cls : ', array([   0.,    1.,    2.,    3.,    4.,    5.,    6.,    7.,    8.,
          9.,   10.,   11.,   12.,   13.,   14.,   15.,   16.,   17.,
         18.,   19.,   20.,   21.,   22.,   23.,   24.,   25.,   26.,
         27.,   28.,   29.,   30.,   31.,   32.,   33.,   34.,   35.,
         36.,   37.,   38.,   39.,   40.,   41.,   42.,   43.,   44.,
         45.,   46.,   47.,   48.,   49.,   50.,   51.,   52.,   53.,
         54.,   55.,   56.,   57.,   58.,   59.,   60.,   61.,   62.,
         63.,   64.,   65.,   66.,   67.,   68.,   69.,   70.,   71.,
         72.,   73.,   74.,   75.,   76.,   77.,   78.,   79.,   80.,
         81.,   82.,   83.,   84.,   85.,   86.,   87.,   88.,   89.,
         90.,   91.,   92.,   93.,   94.,   95.,   96.,   97.,   98.,
         99.,  100.,  101.,  102.,  103.,  104.,  105.,  106.,  107.,
        108.,  109.,  110.,  111.,  112.,  113.,  114.,  115.,  116.,
        117.,  118.,  119.,  120.,  121.,  122.,  123.,  124.,  125.,
        126.,  127.,  128.,  129.,  130.,  131.,  132.,  133.,  134.,
        135.,  136.,  137.,  138.,  139.,  140.,  141.,  142.,  143.,
        144.,  145.,  146.,  147.,  148.,  149.,  150.,  151.,  152.,
        153.,  154.,  155.,  156.,  157.,  158.,  159.,  160.,  161.,
        162.,  163.,  164.,  165.,  166.,  167.,  168.,  169.,  170.,
        171.,  172.,  173.,  174.,  175.,  176.,  177.,  178.,  179.,
        180.,  181.,  182.,  183.,  184.,  185.,  186.,  187.,  188.,
        189.,  190.,  191.,  192.,  193.,  194.,  195.,  196.,  197.,
        198.,  199.,  200.,  201.,  202.,  203.,  204.,  205.,  206.,
        207.,  208.,  209.,  210.,  211.,  212.,  213.,  214.,  215.,
        216.,  217.,  218.,  219.,  220.,  221.,  222.,  223.,  224.,
        225.,  226.,  227.,  228.,  229.,  230.,  231.,  232.,  233.,
        234.,  235.,  236.,  237.,  238.,  239.,  240.,  241.,  242.,
        243.,  244.,  245.,  246.,  247.,  248.,  249.,  250.,  251.,
        252.,  253.,  254.,  255.,  256.,  257.,  258.,  259.,  260.,
        261.,  262.,  263.,  264.,  265.]))
(266 out of 266) Instances to keep are determined: 0.0, 1.0, 2.0, 3.0, 4.0, 5.0, 6.0, 7.0, 8.0, 9.0, 10.0, 11.0, 12.0, 13.0, 14.0, 15.0, 16.0, 17.0, 18.0, 19.0, 20.0, 21.0, 22.0, 23.0, 24.0, 25.0, 26.0, 27.0, 28.0, 29.0, 30.0, 31.0, 32.0, 33.0, 34.0, 35.0, 36.0, 37.0, 38.0, 39.0, 40.0, 41.0, 42.0, 43.0, 44.0, 45.0, 46.0, 47.0, 48.0, 49.0, 50.0, 51.0, 52.0, 53.0, 54.0, 55.0, 56.0, 57.0, 58.0, 59.0, 60.0, 61.0, 62.0, 63.0, 64.0, 65.0, 66.0, 67.0, 68.0, 69.0, 70.0, 71.0, 72.0, 73.0, 74.0, 75.0, 76.0, 77.0, 78.0, 79.0, 80.0, 81.0, 82.0, 83.0, 84.0, 85.0, 86.0, 87.0, 88.0, 89.0, 90.0, 91.0, 92.0, 93.0, 94.0, 95.0, 96.0, 97.0, 98.0, 99.0, 100.0, 101.0, 102.0, 103.0, 104.0, 105.0, 106.0, 107.0, 108.0, 109.0, 110.0, 111.0, 112.0, 113.0, 114.0, 115.0, 116.0, 117.0, 118.0, 119.0, 120.0, 121.0, 122.0, 123.0, 124.0, 125.0, 126.0, 127.0, 128.0, 129.0, 130.0, 131.0, 132.0, 133.0, 134.0, 135.0, 136.0, 137.0, 138.0, 139.0, 140.0, 141.0, 142.0, 143.0, 144.0, 145.0, 146.0, 147.0, 148.0, 149.0, 150.0, 151.0, 152.0, 153.0, 154.0, 155.0, 156.0, 157.0, 158.0, 159.0, 160.0, 161.0, 162.0, 163.0, 164.0, 165.0, 166.0, 167.0, 168.0, 169.0, 170.0, 171.0, 172.0, 173.0, 174.0, 175.0, 176.0, 177.0, 178.0, 179.0, 180.0, 181.0, 182.0, 183.0, 184.0, 185.0, 186.0, 187.0, 188.0, 189.0, 190.0, 191.0, 192.0, 193.0, 194.0, 195.0, 196.0, 197.0, 198.0, 199.0, 200.0, 201.0, 202.0, 203.0, 204.0, 205.0, 206.0, 207.0, 208.0, 209.0, 210.0, 211.0, 212.0, 213.0, 214.0, 215.0, 216.0, 217.0, 218.0, 219.0, 220.0, 221.0, 222.0, 223.0, 224.0, 225.0, 226.0, 227.0, 228.0, 229.0, 230.0, 231.0, 232.0, 233.0, 234.0, 235.0, 236.0, 237.0, 238.0, 239.0, 240.0, 241.0, 242.0, 243.0, 244.0, 245.0, 246.0, 247.0, 248.0, 249.0, 250.0, 251.0, 252.0, 253.0, 254.0, 255.0, 256.0, 257.0, 258.0, 259.0, 260.0, 261.0, 262.0, 263.0, 264.0, 265.0
% Backup Solver: SAT09referencesolverclasp_1.2.0-SAT09-32
% Input Instances for Training: 266 (-unsolvable)
% Used Instances for Training: 266 (-unsolvable)
% Train with RANDOMFOREST-CLASSVOTER
% PAR10 on current test set: 16834.69 (30 instances)
% >>> 8-th iteration<<<
('sr: ', array([ 752.16067408,  139.68977997,  102.50245791,   88.57600398,
         69.47336233,   68.97425761]), ' - svd_k: ', 6)

opt_portfolio:  [0 0 0 0 0 0 0 0 0 0 0 0 0 0 0]
opt_portfolio v2:  set([0, 1, 2, 3, 4, 5, 6, 7, 8, 9, 10, 11, 12, 13, 14])
('top_ft_inx_arr: ', array([ 0,  5,  9, 11, 13, 15, 16, 18, 20, 23, 25, 27, 28, 29, 31, 32, 34,
       35, 36, 38, 40, 42, 45, 46, 47]))
ft_imp_total =  1.0
ft cv scores:  [ 0.20536649  0.44009947  0.20442575  0.52197773  0.40570701  0.32571877
  0.34774676  0.30255992  0.31424184  0.57030287]
top_ft_inx_arr:  [ 0  5  9 11 13 15 16 18 20 23 25 27 28 29 31 32 34 35 36 38 40 42 45 46 47]
(25 out of 50) Features to keep are determined: 0, 5, 9, 11, 13, 15, 16, 18, 20, 23, 25, 27, 28, 29, 31, 32, 34, 35, 36, 38, 40, 42, 45, 46, 47
('No algorithm subset selection, just get the optimal portfolio: ', '0, 1, 2, 3, 4, 5, 6, 7, 8, 9, 10, 11, 12, 13, 14')
(15 out of 15) Algorithms/solvers to keep are determined: 0, 1, 2, 3, 4, 5, 6, 7, 8, 9, 10, 11, 12, 13, 14
('inst_per_cls : ', array([   0.,    1.,    2.,    3.,    4.,    5.,    6.,    7.,    8.,
          9.,   10.,   11.,   12.,   13.,   14.,   15.,   16.,   17.,
         18.,   19.,   20.,   21.,   22.,   23.,   24.,   25.,   26.,
         27.,   28.,   29.,   30.,   31.,   32.,   33.,   34.,   35.,
         36.,   37.,   38.,   39.,   40.,   41.,   42.,   43.,   44.,
         45.,   46.,   47.,   48.,   49.,   50.,   51.,   52.,   53.,
         54.,   55.,   56.,   57.,   58.,   59.,   60.,   61.,   62.,
         63.,   64.,   65.,   66.,   67.,   68.,   69.,   70.,   71.,
         72.,   73.,   74.,   75.,   76.,   77.,   78.,   79.,   80.,
         81.,   82.,   83.,   84.,   85.,   86.,   87.,   88.,   89.,
         90.,   91.,   92.,   93.,   94.,   95.,   96.,   97.,   98.,
         99.,  100.,  101.,  102.,  103.,  104.,  105.,  106.,  107.,
        108.,  109.,  110.,  111.,  112.,  113.,  114.,  115.,  116.,
        117.,  118.,  119.,  120.,  121.,  122.,  123.,  124.,  125.,
        126.,  127.,  128.,  129.,  130.,  131.,  132.,  133.,  134.,
        135.,  136.,  137.,  138.,  139.,  140.,  141.,  142.,  143.,
        144.,  145.,  146.,  147.,  148.,  149.,  150.,  151.,  152.,
        153.,  154.,  155.,  156.,  157.,  158.,  159.,  160.,  161.,
        162.,  163.,  164.,  165.,  166.,  167.,  168.,  169.,  170.,
        171.,  172.,  173.,  174.,  175.,  176.,  177.,  178.,  179.,
        180.,  181.,  182.,  183.,  184.,  185.,  186.,  187.,  188.,
        189.,  190.,  191.,  192.,  193.,  194.,  195.,  196.,  197.,
        198.,  199.,  200.,  201.,  202.,  203.,  204.,  205.,  206.,
        207.,  208.,  209.,  210.,  211.,  212.,  213.,  214.,  215.,
        216.,  217.,  218.,  219.,  220.,  221.,  222.,  223.,  224.,
        225.,  226.,  227.,  228.,  229.,  230.,  231.,  232.,  233.,
        234.,  235.,  236.,  237.,  238.,  239.,  240.,  241.,  242.,
        243.,  244.,  245.,  246.,  247.,  248.,  249.,  250.,  251.,
        252.,  253.,  254.,  255.,  256.,  257.,  258.,  259.,  260.,
        261.,  262.,  263.,  264.,  265.]))
(266 out of 266) Instances to keep are determined: 0.0, 1.0, 2.0, 3.0, 4.0, 5.0, 6.0, 7.0, 8.0, 9.0, 10.0, 11.0, 12.0, 13.0, 14.0, 15.0, 16.0, 17.0, 18.0, 19.0, 20.0, 21.0, 22.0, 23.0, 24.0, 25.0, 26.0, 27.0, 28.0, 29.0, 30.0, 31.0, 32.0, 33.0, 34.0, 35.0, 36.0, 37.0, 38.0, 39.0, 40.0, 41.0, 42.0, 43.0, 44.0, 45.0, 46.0, 47.0, 48.0, 49.0, 50.0, 51.0, 52.0, 53.0, 54.0, 55.0, 56.0, 57.0, 58.0, 59.0, 60.0, 61.0, 62.0, 63.0, 64.0, 65.0, 66.0, 67.0, 68.0, 69.0, 70.0, 71.0, 72.0, 73.0, 74.0, 75.0, 76.0, 77.0, 78.0, 79.0, 80.0, 81.0, 82.0, 83.0, 84.0, 85.0, 86.0, 87.0, 88.0, 89.0, 90.0, 91.0, 92.0, 93.0, 94.0, 95.0, 96.0, 97.0, 98.0, 99.0, 100.0, 101.0, 102.0, 103.0, 104.0, 105.0, 106.0, 107.0, 108.0, 109.0, 110.0, 111.0, 112.0, 113.0, 114.0, 115.0, 116.0, 117.0, 118.0, 119.0, 120.0, 121.0, 122.0, 123.0, 124.0, 125.0, 126.0, 127.0, 128.0, 129.0, 130.0, 131.0, 132.0, 133.0, 134.0, 135.0, 136.0, 137.0, 138.0, 139.0, 140.0, 141.0, 142.0, 143.0, 144.0, 145.0, 146.0, 147.0, 148.0, 149.0, 150.0, 151.0, 152.0, 153.0, 154.0, 155.0, 156.0, 157.0, 158.0, 159.0, 160.0, 161.0, 162.0, 163.0, 164.0, 165.0, 166.0, 167.0, 168.0, 169.0, 170.0, 171.0, 172.0, 173.0, 174.0, 175.0, 176.0, 177.0, 178.0, 179.0, 180.0, 181.0, 182.0, 183.0, 184.0, 185.0, 186.0, 187.0, 188.0, 189.0, 190.0, 191.0, 192.0, 193.0, 194.0, 195.0, 196.0, 197.0, 198.0, 199.0, 200.0, 201.0, 202.0, 203.0, 204.0, 205.0, 206.0, 207.0, 208.0, 209.0, 210.0, 211.0, 212.0, 213.0, 214.0, 215.0, 216.0, 217.0, 218.0, 219.0, 220.0, 221.0, 222.0, 223.0, 224.0, 225.0, 226.0, 227.0, 228.0, 229.0, 230.0, 231.0, 232.0, 233.0, 234.0, 235.0, 236.0, 237.0, 238.0, 239.0, 240.0, 241.0, 242.0, 243.0, 244.0, 245.0, 246.0, 247.0, 248.0, 249.0, 250.0, 251.0, 252.0, 253.0, 254.0, 255.0, 256.0, 257.0, 258.0, 259.0, 260.0, 261.0, 262.0, 263.0, 264.0, 265.0
% Backup Solver: clasp_2.0-R4092-crafted
% Input Instances for Training: 266 (-unsolvable)
% Used Instances for Training: 266 (-unsolvable)
% Train with RANDOMFOREST-CLASSVOTER
% PAR10 on current test set: 18592.63 (30 instances)
% >>> 9-th iteration<<<
('sr: ', array([ 748.89188289,  140.79995476,   98.83115338,   92.21512394,
         69.23573061,   67.76048883]), ' - svd_k: ', 6)

opt_portfolio:  [0 0 0 0 0 0 0 0 0 0 0 0 0 0 0]
opt_portfolio v2:  set([0, 1, 2, 3, 4, 5, 6, 7, 8, 9, 10, 11, 12, 13, 14])
('top_ft_inx_arr: ', array([ 2,  4,  5,  8, 11, 13, 15, 16, 18, 23, 25, 27, 28, 29, 31, 32, 33,
       35, 36, 37, 38, 41, 45, 47, 49]))
ft_imp_total =  1.0
ft cv scores:  [ 0.32643342  0.34845344  0.29834203  0.43893358  0.47452187  0.44817324
  0.26431063  0.29535154  0.27636227  0.55120085]
top_ft_inx_arr:  [ 2  4  5  8 11 13 15 16 18 23 25 27 28 29 31 32 33 35 36 37 38 41 45 47 49]
(25 out of 50) Features to keep are determined: 2, 4, 5, 8, 11, 13, 15, 16, 18, 23, 25, 27, 28, 29, 31, 32, 33, 35, 36, 37, 38, 41, 45, 47, 49
('No algorithm subset selection, just get the optimal portfolio: ', '0, 1, 2, 3, 4, 5, 6, 7, 8, 9, 10, 11, 12, 13, 14')
(15 out of 15) Algorithms/solvers to keep are determined: 0, 1, 2, 3, 4, 5, 6, 7, 8, 9, 10, 11, 12, 13, 14
('inst_per_cls : ', array([   0.,    1.,    2.,    3.,    4.,    5.,    6.,    7.,    8.,
          9.,   10.,   11.,   12.,   13.,   14.,   15.,   16.,   17.,
         18.,   19.,   20.,   21.,   22.,   23.,   24.,   25.,   26.,
         27.,   28.,   29.,   30.,   31.,   32.,   33.,   34.,   35.,
         36.,   37.,   38.,   39.,   40.,   41.,   42.,   43.,   44.,
         45.,   46.,   47.,   48.,   49.,   50.,   51.,   52.,   53.,
         54.,   55.,   56.,   57.,   58.,   59.,   60.,   61.,   62.,
         63.,   64.,   65.,   66.,   67.,   68.,   69.,   70.,   71.,
         72.,   73.,   74.,   75.,   76.,   77.,   78.,   79.,   80.,
         81.,   82.,   83.,   84.,   85.,   86.,   87.,   88.,   89.,
         90.,   91.,   92.,   93.,   94.,   95.,   96.,   97.,   98.,
         99.,  100.,  101.,  102.,  103.,  104.,  105.,  106.,  107.,
        108.,  109.,  110.,  111.,  112.,  113.,  114.,  115.,  116.,
        117.,  118.,  119.,  120.,  121.,  122.,  123.,  124.,  125.,
        126.,  127.,  128.,  129.,  130.,  131.,  132.,  133.,  134.,
        135.,  136.,  137.,  138.,  139.,  140.,  141.,  142.,  143.,
        144.,  145.,  146.,  147.,  148.,  149.,  150.,  151.,  152.,
        153.,  154.,  155.,  156.,  157.,  158.,  159.,  160.,  161.,
        162.,  163.,  164.,  165.,  166.,  167.,  168.,  169.,  170.,
        171.,  172.,  173.,  174.,  175.,  176.,  177.,  178.,  179.,
        180.,  181.,  182.,  183.,  184.,  185.,  186.,  187.,  188.,
        189.,  190.,  191.,  192.,  193.,  194.,  195.,  196.,  197.,
        198.,  199.,  200.,  201.,  202.,  203.,  204.,  205.,  206.,
        207.,  208.,  209.,  210.,  211.,  212.,  213.,  214.,  215.,
        216.,  217.,  218.,  219.,  220.,  221.,  222.,  223.,  224.,
        225.,  226.,  227.,  228.,  229.,  230.,  231.,  232.,  233.,
        234.,  235.,  236.,  237.,  238.,  239.,  240.,  241.,  242.,
        243.,  244.,  245.,  246.,  247.,  248.,  249.,  250.,  251.,
        252.,  253.,  254.,  255.,  256.,  257.,  258.,  259.,  260.,
        261.,  262.,  263.,  264.,  265.,  266.]))
(267 out of 267) Instances to keep are determined: 0.0, 1.0, 2.0, 3.0, 4.0, 5.0, 6.0, 7.0, 8.0, 9.0, 10.0, 11.0, 12.0, 13.0, 14.0, 15.0, 16.0, 17.0, 18.0, 19.0, 20.0, 21.0, 22.0, 23.0, 24.0, 25.0, 26.0, 27.0, 28.0, 29.0, 30.0, 31.0, 32.0, 33.0, 34.0, 35.0, 36.0, 37.0, 38.0, 39.0, 40.0, 41.0, 42.0, 43.0, 44.0, 45.0, 46.0, 47.0, 48.0, 49.0, 50.0, 51.0, 52.0, 53.0, 54.0, 55.0, 56.0, 57.0, 58.0, 59.0, 60.0, 61.0, 62.0, 63.0, 64.0, 65.0, 66.0, 67.0, 68.0, 69.0, 70.0, 71.0, 72.0, 73.0, 74.0, 75.0, 76.0, 77.0, 78.0, 79.0, 80.0, 81.0, 82.0, 83.0, 84.0, 85.0, 86.0, 87.0, 88.0, 89.0, 90.0, 91.0, 92.0, 93.0, 94.0, 95.0, 96.0, 97.0, 98.0, 99.0, 100.0, 101.0, 102.0, 103.0, 104.0, 105.0, 106.0, 107.0, 108.0, 109.0, 110.0, 111.0, 112.0, 113.0, 114.0, 115.0, 116.0, 117.0, 118.0, 119.0, 120.0, 121.0, 122.0, 123.0, 124.0, 125.0, 126.0, 127.0, 128.0, 129.0, 130.0, 131.0, 132.0, 133.0, 134.0, 135.0, 136.0, 137.0, 138.0, 139.0, 140.0, 141.0, 142.0, 143.0, 144.0, 145.0, 146.0, 147.0, 148.0, 149.0, 150.0, 151.0, 152.0, 153.0, 154.0, 155.0, 156.0, 157.0, 158.0, 159.0, 160.0, 161.0, 162.0, 163.0, 164.0, 165.0, 166.0, 167.0, 168.0, 169.0, 170.0, 171.0, 172.0, 173.0, 174.0, 175.0, 176.0, 177.0, 178.0, 179.0, 180.0, 181.0, 182.0, 183.0, 184.0, 185.0, 186.0, 187.0, 188.0, 189.0, 190.0, 191.0, 192.0, 193.0, 194.0, 195.0, 196.0, 197.0, 198.0, 199.0, 200.0, 201.0, 202.0, 203.0, 204.0, 205.0, 206.0, 207.0, 208.0, 209.0, 210.0, 211.0, 212.0, 213.0, 214.0, 215.0, 216.0, 217.0, 218.0, 219.0, 220.0, 221.0, 222.0, 223.0, 224.0, 225.0, 226.0, 227.0, 228.0, 229.0, 230.0, 231.0, 232.0, 233.0, 234.0, 235.0, 236.0, 237.0, 238.0, 239.0, 240.0, 241.0, 242.0, 243.0, 244.0, 245.0, 246.0, 247.0, 248.0, 249.0, 250.0, 251.0, 252.0, 253.0, 254.0, 255.0, 256.0, 257.0, 258.0, 259.0, 260.0, 261.0, 262.0, 263.0, 264.0, 265.0, 266.0
% Backup Solver: SAT09referencesolverclasp_1.2.0-SAT09-32
% Input Instances for Training: 267 (-unsolvable)
% Used Instances for Training: 267 (-unsolvable)
% Train with RANDOMFOREST-CLASSVOTER
% PAR10 on current test set: 17610.61 (29 instances)
% >>> 10-th iteration<<<
('sr: ', array([ 751.99361313,  142.99245262,  100.20708442,   91.80357543,
         69.59827993,   68.72620047]), ' - svd_k: ', 6)

opt_portfolio:  [0 0 0 0 0 0 0 0 0 0 0 0 0 0 0]
opt_portfolio v2:  set([0, 1, 2, 3, 4, 5, 6, 7, 8, 9, 10, 11, 12, 13, 14])
('top_ft_inx_arr: ', array([ 0,  4,  5,  7,  8, 11, 13, 15, 16, 18, 23, 25, 27, 28, 29, 30, 31,
       32, 35, 36, 38, 42, 44, 45, 47]))
ft_imp_total =  1.0
ft cv scores:  [ 0.23061296  0.31006775  0.33234732  0.40194329  0.61390398  0.27998067
  0.25222068  0.40766274  0.30632053  0.53528765]
top_ft_inx_arr:  [ 0  4  5  7  8 11 13 15 16 18 23 25 27 28 29 30 31 32 35 36 38 42 44 45 47]
(25 out of 50) Features to keep are determined: 0, 4, 5, 7, 8, 11, 13, 15, 16, 18, 23, 25, 27, 28, 29, 30, 31, 32, 35, 36, 38, 42, 44, 45, 47
('No algorithm subset selection, just get the optimal portfolio: ', '0, 1, 2, 3, 4, 5, 6, 7, 8, 9, 10, 11, 12, 13, 14')
(15 out of 15) Algorithms/solvers to keep are determined: 0, 1, 2, 3, 4, 5, 6, 7, 8, 9, 10, 11, 12, 13, 14
('inst_per_cls : ', array([   0.,    1.,    2.,    3.,    4.,    5.,    6.,    7.,    8.,
          9.,   10.,   11.,   12.,   13.,   14.,   15.,   16.,   17.,
         18.,   19.,   20.,   21.,   22.,   23.,   24.,   25.,   26.,
         27.,   28.,   29.,   30.,   31.,   32.,   33.,   34.,   35.,
         36.,   37.,   38.,   39.,   40.,   41.,   42.,   43.,   44.,
         45.,   46.,   47.,   48.,   49.,   50.,   51.,   52.,   53.,
         54.,   55.,   56.,   57.,   58.,   59.,   60.,   61.,   62.,
         63.,   64.,   65.,   66.,   67.,   68.,   69.,   70.,   71.,
         72.,   73.,   74.,   75.,   76.,   77.,   78.,   79.,   80.,
         81.,   82.,   83.,   84.,   85.,   86.,   87.,   88.,   89.,
         90.,   91.,   92.,   93.,   94.,   95.,   96.,   97.,   98.,
         99.,  100.,  101.,  102.,  103.,  104.,  105.,  106.,  107.,
        108.,  109.,  110.,  111.,  112.,  113.,  114.,  115.,  116.,
        117.,  118.,  119.,  120.,  121.,  122.,  123.,  124.,  125.,
        126.,  127.,  128.,  129.,  130.,  131.,  132.,  133.,  134.,
        135.,  136.,  137.,  138.,  139.,  140.,  141.,  142.,  143.,
        144.,  145.,  146.,  147.,  148.,  149.,  150.,  151.,  152.,
        153.,  154.,  155.,  156.,  157.,  158.,  159.,  160.,  161.,
        162.,  163.,  164.,  165.,  166.,  167.,  168.,  169.,  170.,
        171.,  172.,  173.,  174.,  175.,  176.,  177.,  178.,  179.,
        180.,  181.,  182.,  183.,  184.,  185.,  186.,  187.,  188.,
        189.,  190.,  191.,  192.,  193.,  194.,  195.,  196.,  197.,
        198.,  199.,  200.,  201.,  202.,  203.,  204.,  205.,  206.,
        207.,  208.,  209.,  210.,  211.,  212.,  213.,  214.,  215.,
        216.,  217.,  218.,  219.,  220.,  221.,  222.,  223.,  224.,
        225.,  226.,  227.,  228.,  229.,  230.,  231.,  232.,  233.,
        234.,  235.,  236.,  237.,  238.,  239.,  240.,  241.,  242.,
        243.,  244.,  245.,  246.,  247.,  248.,  249.,  250.,  251.,
        252.,  253.,  254.,  255.,  256.,  257.,  258.,  259.,  260.,
        261.,  262.,  263.,  264.,  265.,  266.]))
(267 out of 267) Instances to keep are determined: 0.0, 1.0, 2.0, 3.0, 4.0, 5.0, 6.0, 7.0, 8.0, 9.0, 10.0, 11.0, 12.0, 13.0, 14.0, 15.0, 16.0, 17.0, 18.0, 19.0, 20.0, 21.0, 22.0, 23.0, 24.0, 25.0, 26.0, 27.0, 28.0, 29.0, 30.0, 31.0, 32.0, 33.0, 34.0, 35.0, 36.0, 37.0, 38.0, 39.0, 40.0, 41.0, 42.0, 43.0, 44.0, 45.0, 46.0, 47.0, 48.0, 49.0, 50.0, 51.0, 52.0, 53.0, 54.0, 55.0, 56.0, 57.0, 58.0, 59.0, 60.0, 61.0, 62.0, 63.0, 64.0, 65.0, 66.0, 67.0, 68.0, 69.0, 70.0, 71.0, 72.0, 73.0, 74.0, 75.0, 76.0, 77.0, 78.0, 79.0, 80.0, 81.0, 82.0, 83.0, 84.0, 85.0, 86.0, 87.0, 88.0, 89.0, 90.0, 91.0, 92.0, 93.0, 94.0, 95.0, 96.0, 97.0, 98.0, 99.0, 100.0, 101.0, 102.0, 103.0, 104.0, 105.0, 106.0, 107.0, 108.0, 109.0, 110.0, 111.0, 112.0, 113.0, 114.0, 115.0, 116.0, 117.0, 118.0, 119.0, 120.0, 121.0, 122.0, 123.0, 124.0, 125.0, 126.0, 127.0, 128.0, 129.0, 130.0, 131.0, 132.0, 133.0, 134.0, 135.0, 136.0, 137.0, 138.0, 139.0, 140.0, 141.0, 142.0, 143.0, 144.0, 145.0, 146.0, 147.0, 148.0, 149.0, 150.0, 151.0, 152.0, 153.0, 154.0, 155.0, 156.0, 157.0, 158.0, 159.0, 160.0, 161.0, 162.0, 163.0, 164.0, 165.0, 166.0, 167.0, 168.0, 169.0, 170.0, 171.0, 172.0, 173.0, 174.0, 175.0, 176.0, 177.0, 178.0, 179.0, 180.0, 181.0, 182.0, 183.0, 184.0, 185.0, 186.0, 187.0, 188.0, 189.0, 190.0, 191.0, 192.0, 193.0, 194.0, 195.0, 196.0, 197.0, 198.0, 199.0, 200.0, 201.0, 202.0, 203.0, 204.0, 205.0, 206.0, 207.0, 208.0, 209.0, 210.0, 211.0, 212.0, 213.0, 214.0, 215.0, 216.0, 217.0, 218.0, 219.0, 220.0, 221.0, 222.0, 223.0, 224.0, 225.0, 226.0, 227.0, 228.0, 229.0, 230.0, 231.0, 232.0, 233.0, 234.0, 235.0, 236.0, 237.0, 238.0, 239.0, 240.0, 241.0, 242.0, 243.0, 244.0, 245.0, 246.0, 247.0, 248.0, 249.0, 250.0, 251.0, 252.0, 253.0, 254.0, 255.0, 256.0, 257.0, 258.0, 259.0, 260.0, 261.0, 262.0, 263.0, 264.0, 265.0, 266.0
% Backup Solver: SAT09referencesolverclasp_1.2.0-SAT09-32
% Input Instances for Training: 267 (-unsolvable)
% Used Instances for Training: 267 (-unsolvable)
% Train with RANDOMFOREST-CLASSVOTER
% PAR10 on current test set: 19209.87 (29 instances)
% 
%  >>> Instances: 296 <<<
%  >>> Oracle Evaluation (w/o unsolved) <<<
% 
% Unsolved (not by any algorithm and not by feature computation): 77
% PAR1 time: 1654.842993 (478.691899)
% Par10 time: 13360.663939 (478.340301)
% #TOs: 77 (0)
% 
%  >>> Cross Fold Evaluation <<<
% 
% Presolved: 0
% >>>With Unsolvable Instances
% Timeouts per #Thread: {1: 103, 2: 94, 3: 86, 4: 85, 5: 84, 6: 82, 7: 81, 8: 81, 9: 80, 10: 80, 11: 79, 12: 79, 13: 79, 14: 77, 15: 77}
% Solved (perc) per #Thread: {1: 0.652027027027027, 2: 0.6824324324324325, 3: 0.7094594594594594, 4: 0.7128378378378378, 5: 0.7162162162162162, 6: 0.722972972972973, 7: 0.7263513513513513, 8: 0.7263513513513513, 9: 0.7297297297297297, 10: 0.7297297297297297, 11: 0.7331081081081081, 12: 0.7331081081081081, 13: 0.7331081081081081, 14: 0.7398648648648649, 15: 0.7398648648648649}
% AVG per #Thread: {1: 2124.7577961047236, 2: 1960.9229990337956, 3: 1844.8944589324371, 4: 1807.4826176520312, 5: 1792.1525110675689, 6: 1768.085379837836, 7: 1747.3028808851345, 8: 1746.126707932432, 9: 1729.7011545574328, 10: 1729.5754067297282, 11: 1726.4544111790492, 12: 1726.4542186418862, 13: 1726.307494564185, 14: 1683.1275548378314, 15: 1682.914377760128}
% PAR10 per #Thread: {1: 17783.541579888508, 2: 16251.463539574335, 3: 14919.218783256762, 4: 14729.779914949328, 5: 14562.422781337838, 6: 14234.301596054052, 7: 14061.492070074324, 8: 14060.315897121622, 9: 13891.863316719595, 10: 13891.737568891891, 11: 13736.589546314184, 12: 13736.58935377702, 13: 13736.44262969932, 14: 13389.208635918912, 15: 13388.99545884121}
% >>>Without Unsolved Instances (depends on pre-solved in feature groups)
% Timeouts: {1: 26, 2: 17, 3: 9, 4: 8, 5: 7, 6: 5, 7: 4, 8: 4, 9: 3, 10: 3, 11: 2, 12: 2, 13: 2, 14: 0, 15: 0}
% Solved (perc): {1: 0.8812785388127853, 2: 0.9223744292237442, 3: 0.958904109589041, 4: 0.9634703196347032, 5: 0.9680365296803652, 6: 0.9771689497716897, 7: 0.9817351598173516, 8: 0.9817351598173516, 9: 0.9863013698630136, 10: 0.9863013698630136, 11: 0.9908675799086758, 12: 0.9908675799086758, 13: 0.9908675799086758, 14: 1.0, 15: 1.0}
% PAR1: {1: 1113.8278887990787, 2: 892.3890763196507, 3: 735.5651134429287, 4: 684.9993371004622, 5: 664.2791930410976, 6: 631.7501024292212, 7: 603.6605148036522, 8: 602.0708015890405, 9: 579.8700536484022, 10: 579.7000931141532, 11: 575.4817612283039, 12: 575.4815009954262, 13: 575.2831889999944, 14: 516.9212613333247, 15: 516.6331315844651}
% PAR10: {1: 6456.293642223736, 2: 4385.539761251158, 3: 2584.880181936079, 4: 2328.8349535388184, 5: 2102.6353574246596, 6: 1659.1473627031937, 7: 1425.5783230228303, 8: 1423.9886098082186, 9: 1196.3084098127858, 10: 1196.1384492785369, 11: 986.4406653378928, 12: 986.4404051050152, 13: 986.2420931095832, 14: 516.9212613333247, 15: 516.6331315844651}
% 
% Time used by each solver: {'RestartSAT_B95': 5851.240933, 'Sol_2011-04-04': 24564.715434999995, 'clasp_2.0-R4092-crafted': 177417.51919600004, 'CryptoMiniSat_Strange-Night2-st_fixed_': 5976.776, 'MPhaseSAT_2011-02-15': 95672.030827, 'jMiniSat_2011': 0, 'QuteRSat_2011-05-12_fixed_': 4972.097, 'glucose_2': 19716.346919, 'sathys_2011-04-01': 14778.59, 'sattime+_2011-03-02': 89115.03013099999, 'sattime_2011-03-02': 79662.23768199998, 'SAT09referencesolverclasp_1.2.0-SAT09-32': 48407.681998, 'SAT07referencesolverminisat_SAT2007': 38656.029655, 'SApperloT2010_2011-05-15_fixed_': 9939.421987000002, 'PicoSAT_941': 1994.599884}
% Optimal Time used by each solver: {'RestartSAT_B95': 5.46017, 'Sol_2011-04-04': 386222.6910439999, 'clasp_2.0-R4092-crafted': 31187.016032, 'CryptoMiniSat_Strange-Night2-st_fixed_': 462.69877099999997, 'MPhaseSAT_2011-02-15': 6329.150169999999, 'jMiniSat_2011': 0, 'QuteRSat_2011-05-12_fixed_': 6874.512899999999, 'glucose_2': 806.4449000000001, 'sathys_2011-04-01': 12.165192000000003, 'sattime+_2011-03-02': 2388.4237799999996, 'sattime_2011-03-02': 9533.683721, 'SAT09referencesolverclasp_1.2.0-SAT09-32': 37657.77352, 'SAT07referencesolverminisat_SAT2007': 1605.1305450000002, 'SApperloT2010_2011-05-15_fixed_': 96.45335200000001, 'PicoSAT_941': 6651.921719999999}
