Started solving  /home/misir/Desktop/aslib_data-aslib-v1.1/SAT11-INDU
% Command line arguments:
% --aslib-dir /home/misir/Desktop/aslib_data-aslib-v1.1/SAT11-INDU --model-dir MODEL_DIR
% Read /home/misir/Desktop/aslib_data-aslib-v1.1/SAT11-INDU/description.txt
% Read /home/misir/Desktop/aslib_data-aslib-v1.1/SAT11-INDU/algorithm_runs.arff
% Read /home/misir/Desktop/aslib_data-aslib-v1.1/SAT11-INDU/feature_values.arff
% Read /home/misir/Desktop/aslib_data-aslib-v1.1/SAT11-INDU/feature_runstatus.arff
% Read /home/misir/Desktop/aslib_data-aslib-v1.1/SAT11-INDU/ground_truth.arff
% Read /home/misir/Desktop/aslib_data-aslib-v1.1/SAT11-INDU/feature_costs.arff
% Read /home/misir/Desktop/aslib_data-aslib-v1.1/SAT11-INDU/cv.arff
% 1-th repetition: 30,30,30,30,30,30,30,30,30,30 distribution
% Used Feature Steps: Pre,Basic,KLB,CG
% Used features: CG_mean,BINARYp,reducedVars,VG_mean,VCG_VAR_mean,VG_min,VCG_VAR_coeff_variation,nvarsOrig,CG_coeff_variation,VG_max,CG_max,POSNEG_RATIO_CLAUSE_max,horn_clauses_fraction,nclauses,vars_clauses_ratio,CG_entropy,UNARY,cluster_coeff_mean,VCG_CLAUSE_coeff_variation,POSNEG_RATIO_VAR_max,VCG_VAR_max,POSNEG_RATIO_VAR_entropy,TRINARYp,POSNEG_RATIO_VAR_min,HORNY_VAR_max,VCG_CLAUSE_mean,VCG_CLAUSE_min,cluster_coeff_entropy,POSNEG_RATIO_CLAUSE_min,HORNY_VAR_coeff_variation,VCG_VAR_min,nvars,nclausesOrig,POSNEG_RATIO_CLAUSE_mean,CG_min,VG_coeff_variation,POSNEG_RATIO_VAR_mean,cluster_coeff_coeff_variation,POSNEG_RATIO_CLAUSE_coeff_variation,VCG_CLAUSE_entropy,VCG_VAR_entropy,cluster_coeff_min,POSNEG_RATIO_VAR_stdev,HORNY_VAR_entropy,cluster_coeff_max,HORNY_VAR_mean,VCG_CLAUSE_max,HORNY_VAR_min,POSNEG_RATIO_CLAUSE_entropy,reducedClauses
% 
% Check Consistency and Completeness of input data
% Instances: 		 300
% Algorithms: 		 18
% Incomplete Feature Vector: 	 0 (maybe imputed)
% Unsolvable Instances (status): 	 47
% Unsolvable Instances (runtime): 	 47
% Valid Instances: 	 253
% Presolved: 		 10
% Average Feature Costs: 	 135.3471
% Use given CV of 1-th repetition
% >>> 1-th iteration<<<
('sr: ', array([ 857.25622129,  188.00595792,  131.67902384,  122.30453603,
         88.70831998,   82.47457296,   74.80107242]), ' - svd_k: ', 7)

opt_portfolio:  [0 0 0 0 0 0 0 0 0 0 0 0 0 0 0 0 0 0]
opt_portfolio v2:  set([0, 1, 2, 3, 4, 5, 6, 7, 8, 9, 10, 11, 12, 13, 14, 15, 16, 17])
('top_ft_inx_arr: ', array([ 0,  1,  4,  5,  7,  8, 13, 15, 16, 19, 21, 24, 27, 29, 31, 33, 34,
       35, 36, 37, 39, 41, 44, 46, 47]))
ft_imp_total =  1.0
top_ft_inx_arr:  [ 0  1  4  5  7  8 13 15 16 19 21 24 27 29 31 33 34 35 36 37 39 41 44 46 47]
(25 out of 50) Features to keep are determined: 0, 1, 4, 5, 7, 8, 13, 15, 16, 19, 21, 24, 27, 29, 31, 33, 34, 35, 36, 37, 39, 41, 44, 46, 47
('No algorithm subset selection, just get the optimal portfolio: ', '0, 1, 2, 3, 4, 5, 6, 7, 8, 9, 10, 11, 12, 13, 14, 15, 16, 17')
(18 out of 18) Algorithms/solvers to keep are determined: 0, 1, 2, 3, 4, 5, 6, 7, 8, 9, 10, 11, 12, 13, 14, 15, 16, 17
('inst_per_cls : ', array([   0.,    1.,    2.,    3.,    4.,    5.,    6.,    7.,    8.,
          9.,   10.,   11.,   12.,   13.,   14.,   15.,   16.,   17.,
         18.,   19.,   20.,   21.,   22.,   23.,   24.,   25.,   26.,
         27.,   28.,   29.,   30.,   31.,   32.,   33.,   34.,   35.,
         36.,   37.,   38.,   39.,   40.,   41.,   42.,   43.,   44.,
         45.,   46.,   47.,   48.,   49.,   50.,   51.,   52.,   53.,
         54.,   55.,   56.,   57.,   58.,   59.,   60.,   61.,   62.,
         63.,   64.,   65.,   66.,   67.,   68.,   69.,   70.,   71.,
         72.,   73.,   74.,   75.,   76.,   77.,   78.,   79.,   80.,
         81.,   82.,   83.,   84.,   85.,   86.,   87.,   88.,   89.,
         90.,   91.,   92.,   93.,   94.,   95.,   96.,   97.,   98.,
         99.,  100.,  101.,  102.,  103.,  104.,  105.,  106.,  107.,
        108.,  109.,  110.,  111.,  112.,  113.,  114.,  115.,  116.,
        117.,  118.,  119.,  120.,  121.,  122.,  123.,  124.,  125.,
        126.,  127.,  128.,  129.,  130.,  131.,  132.,  133.,  134.,
        135.,  136.,  137.,  138.,  139.,  140.,  141.,  142.,  143.,
        144.,  145.,  146.,  147.,  148.,  149.,  150.,  151.,  152.,
        153.,  154.,  155.,  156.,  157.,  158.,  159.,  160.,  161.,
        162.,  163.,  164.,  165.,  166.,  167.,  168.,  169.,  170.,
        171.,  172.,  173.,  174.,  175.,  176.,  177.,  178.,  179.,
        180.,  181.,  182.,  183.,  184.,  185.,  186.,  187.,  188.,
        189.,  190.,  191.,  192.,  193.,  194.,  195.,  196.,  197.,
        198.,  199.,  200.,  201.,  202.,  203.,  204.,  205.,  206.,
        207.,  208.,  209.,  210.,  211.,  212.,  213.,  214.,  215.,
        216.,  217.,  218.,  219.,  220.,  221.,  222.,  223.,  224.,
        225.,  226.,  227.,  228.,  229.,  230.,  231.,  232.,  233.,
        234.,  235.,  236.,  237.,  238.,  239.,  240.,  241.,  242.,
        243.,  244.,  245.,  246.,  247.,  248.,  249.,  250.,  251.,
        252.,  253.,  254.,  255.,  256.,  257.,  258.,  259.,  260.,
        261.,  262.,  263.,  264.,  265.,  266.,  267.,  268.,  269.]))
(270 out of 270) Instances to keep are determined: 0.0, 1.0, 2.0, 3.0, 4.0, 5.0, 6.0, 7.0, 8.0, 9.0, 10.0, 11.0, 12.0, 13.0, 14.0, 15.0, 16.0, 17.0, 18.0, 19.0, 20.0, 21.0, 22.0, 23.0, 24.0, 25.0, 26.0, 27.0, 28.0, 29.0, 30.0, 31.0, 32.0, 33.0, 34.0, 35.0, 36.0, 37.0, 38.0, 39.0, 40.0, 41.0, 42.0, 43.0, 44.0, 45.0, 46.0, 47.0, 48.0, 49.0, 50.0, 51.0, 52.0, 53.0, 54.0, 55.0, 56.0, 57.0, 58.0, 59.0, 60.0, 61.0, 62.0, 63.0, 64.0, 65.0, 66.0, 67.0, 68.0, 69.0, 70.0, 71.0, 72.0, 73.0, 74.0, 75.0, 76.0, 77.0, 78.0, 79.0, 80.0, 81.0, 82.0, 83.0, 84.0, 85.0, 86.0, 87.0, 88.0, 89.0, 90.0, 91.0, 92.0, 93.0, 94.0, 95.0, 96.0, 97.0, 98.0, 99.0, 100.0, 101.0, 102.0, 103.0, 104.0, 105.0, 106.0, 107.0, 108.0, 109.0, 110.0, 111.0, 112.0, 113.0, 114.0, 115.0, 116.0, 117.0, 118.0, 119.0, 120.0, 121.0, 122.0, 123.0, 124.0, 125.0, 126.0, 127.0, 128.0, 129.0, 130.0, 131.0, 132.0, 133.0, 134.0, 135.0, 136.0, 137.0, 138.0, 139.0, 140.0, 141.0, 142.0, 143.0, 144.0, 145.0, 146.0, 147.0, 148.0, 149.0, 150.0, 151.0, 152.0, 153.0, 154.0, 155.0, 156.0, 157.0, 158.0, 159.0, 160.0, 161.0, 162.0, 163.0, 164.0, 165.0, 166.0, 167.0, 168.0, 169.0, 170.0, 171.0, 172.0, 173.0, 174.0, 175.0, 176.0, 177.0, 178.0, 179.0, 180.0, 181.0, 182.0, 183.0, 184.0, 185.0, 186.0, 187.0, 188.0, 189.0, 190.0, 191.0, 192.0, 193.0, 194.0, 195.0, 196.0, 197.0, 198.0, 199.0, 200.0, 201.0, 202.0, 203.0, 204.0, 205.0, 206.0, 207.0, 208.0, 209.0, 210.0, 211.0, 212.0, 213.0, 214.0, 215.0, 216.0, 217.0, 218.0, 219.0, 220.0, 221.0, 222.0, 223.0, 224.0, 225.0, 226.0, 227.0, 228.0, 229.0, 230.0, 231.0, 232.0, 233.0, 234.0, 235.0, 236.0, 237.0, 238.0, 239.0, 240.0, 241.0, 242.0, 243.0, 244.0, 245.0, 246.0, 247.0, 248.0, 249.0, 250.0, 251.0, 252.0, 253.0, 254.0, 255.0, 256.0, 257.0, 258.0, 259.0, 260.0, 261.0, 262.0, 263.0, 264.0, 265.0, 266.0, 267.0, 268.0, 269.0
% Backup Solver: glucose_2
% Input Instances for Training: 270 (-unsolvable)
% Used Instances for Training: 270 (-unsolvable)
% Train with RANDOMFOREST-CLASSVOTER
% PAR10 on current test set: 8842.84 (30 instances)
% >>> 2-th iteration<<<
('sr: ', array([ 846.03913564,  187.95453961,  130.52700451,  122.9867759 ,
         90.59222728,   84.26801222,   74.93453758]), ' - svd_k: ', 7)

opt_portfolio:  [0 0 0 0 0 0 0 0 0 0 0 0 0 0 0 0 0 0]
opt_portfolio v2:  set([0, 1, 2, 3, 4, 5, 6, 7, 8, 9, 10, 11, 12, 13, 14, 15, 16, 17])
('top_ft_inx_arr: ', array([ 3,  4,  5,  6,  7,  8, 11, 13, 14, 15, 18, 19, 21, 23, 24, 26, 29,
       32, 34, 35, 39, 43, 46, 47, 48]))
ft_imp_total =  1.0
top_ft_inx_arr:  [ 3  4  5  6  7  8 11 13 14 15 18 19 21 23 24 26 29 32 34 35 39 43 46 47 48]
(25 out of 50) Features to keep are determined: 3, 4, 5, 6, 7, 8, 11, 13, 14, 15, 18, 19, 21, 23, 24, 26, 29, 32, 34, 35, 39, 43, 46, 47, 48
('No algorithm subset selection, just get the optimal portfolio: ', '0, 1, 2, 3, 4, 5, 6, 7, 8, 9, 10, 11, 12, 13, 14, 15, 16, 17')
(18 out of 18) Algorithms/solvers to keep are determined: 0, 1, 2, 3, 4, 5, 6, 7, 8, 9, 10, 11, 12, 13, 14, 15, 16, 17
('inst_per_cls : ', array([   0.,    1.,    2.,    3.,    4.,    5.,    6.,    7.,    8.,
          9.,   10.,   11.,   12.,   13.,   14.,   15.,   16.,   17.,
         18.,   19.,   20.,   21.,   22.,   23.,   24.,   25.,   26.,
         27.,   28.,   29.,   30.,   31.,   32.,   33.,   34.,   35.,
         36.,   37.,   38.,   39.,   40.,   41.,   42.,   43.,   44.,
         45.,   46.,   47.,   48.,   49.,   50.,   51.,   52.,   53.,
         54.,   55.,   56.,   57.,   58.,   59.,   60.,   61.,   62.,
         63.,   64.,   65.,   66.,   67.,   68.,   69.,   70.,   71.,
         72.,   73.,   74.,   75.,   76.,   77.,   78.,   79.,   80.,
         81.,   82.,   83.,   84.,   85.,   86.,   87.,   88.,   89.,
         90.,   91.,   92.,   93.,   94.,   95.,   96.,   97.,   98.,
         99.,  100.,  101.,  102.,  103.,  104.,  105.,  106.,  107.,
        108.,  109.,  110.,  111.,  112.,  113.,  114.,  115.,  116.,
        117.,  118.,  119.,  120.,  121.,  122.,  123.,  124.,  125.,
        126.,  127.,  128.,  129.,  130.,  131.,  132.,  133.,  134.,
        135.,  136.,  137.,  138.,  139.,  140.,  141.,  142.,  143.,
        144.,  145.,  146.,  147.,  148.,  149.,  150.,  151.,  152.,
        153.,  154.,  155.,  156.,  157.,  158.,  159.,  160.,  161.,
        162.,  163.,  164.,  165.,  166.,  167.,  168.,  169.,  170.,
        171.,  172.,  173.,  174.,  175.,  176.,  177.,  178.,  179.,
        180.,  181.,  182.,  183.,  184.,  185.,  186.,  187.,  188.,
        189.,  190.,  191.,  192.,  193.,  194.,  195.,  196.,  197.,
        198.,  199.,  200.,  201.,  202.,  203.,  204.,  205.,  206.,
        207.,  208.,  209.,  210.,  211.,  212.,  213.,  214.,  215.,
        216.,  217.,  218.,  219.,  220.,  221.,  222.,  223.,  224.,
        225.,  226.,  227.,  228.,  229.,  230.,  231.,  232.,  233.,
        234.,  235.,  236.,  237.,  238.,  239.,  240.,  241.,  242.,
        243.,  244.,  245.,  246.,  247.,  248.,  249.,  250.,  251.,
        252.,  253.,  254.,  255.,  256.,  257.,  258.,  259.,  260.,
        261.,  262.,  263.,  264.,  265.,  266.,  267.,  268.,  269.]))
(270 out of 270) Instances to keep are determined: 0.0, 1.0, 2.0, 3.0, 4.0, 5.0, 6.0, 7.0, 8.0, 9.0, 10.0, 11.0, 12.0, 13.0, 14.0, 15.0, 16.0, 17.0, 18.0, 19.0, 20.0, 21.0, 22.0, 23.0, 24.0, 25.0, 26.0, 27.0, 28.0, 29.0, 30.0, 31.0, 32.0, 33.0, 34.0, 35.0, 36.0, 37.0, 38.0, 39.0, 40.0, 41.0, 42.0, 43.0, 44.0, 45.0, 46.0, 47.0, 48.0, 49.0, 50.0, 51.0, 52.0, 53.0, 54.0, 55.0, 56.0, 57.0, 58.0, 59.0, 60.0, 61.0, 62.0, 63.0, 64.0, 65.0, 66.0, 67.0, 68.0, 69.0, 70.0, 71.0, 72.0, 73.0, 74.0, 75.0, 76.0, 77.0, 78.0, 79.0, 80.0, 81.0, 82.0, 83.0, 84.0, 85.0, 86.0, 87.0, 88.0, 89.0, 90.0, 91.0, 92.0, 93.0, 94.0, 95.0, 96.0, 97.0, 98.0, 99.0, 100.0, 101.0, 102.0, 103.0, 104.0, 105.0, 106.0, 107.0, 108.0, 109.0, 110.0, 111.0, 112.0, 113.0, 114.0, 115.0, 116.0, 117.0, 118.0, 119.0, 120.0, 121.0, 122.0, 123.0, 124.0, 125.0, 126.0, 127.0, 128.0, 129.0, 130.0, 131.0, 132.0, 133.0, 134.0, 135.0, 136.0, 137.0, 138.0, 139.0, 140.0, 141.0, 142.0, 143.0, 144.0, 145.0, 146.0, 147.0, 148.0, 149.0, 150.0, 151.0, 152.0, 153.0, 154.0, 155.0, 156.0, 157.0, 158.0, 159.0, 160.0, 161.0, 162.0, 163.0, 164.0, 165.0, 166.0, 167.0, 168.0, 169.0, 170.0, 171.0, 172.0, 173.0, 174.0, 175.0, 176.0, 177.0, 178.0, 179.0, 180.0, 181.0, 182.0, 183.0, 184.0, 185.0, 186.0, 187.0, 188.0, 189.0, 190.0, 191.0, 192.0, 193.0, 194.0, 195.0, 196.0, 197.0, 198.0, 199.0, 200.0, 201.0, 202.0, 203.0, 204.0, 205.0, 206.0, 207.0, 208.0, 209.0, 210.0, 211.0, 212.0, 213.0, 214.0, 215.0, 216.0, 217.0, 218.0, 219.0, 220.0, 221.0, 222.0, 223.0, 224.0, 225.0, 226.0, 227.0, 228.0, 229.0, 230.0, 231.0, 232.0, 233.0, 234.0, 235.0, 236.0, 237.0, 238.0, 239.0, 240.0, 241.0, 242.0, 243.0, 244.0, 245.0, 246.0, 247.0, 248.0, 249.0, 250.0, 251.0, 252.0, 253.0, 254.0, 255.0, 256.0, 257.0, 258.0, 259.0, 260.0, 261.0, 262.0, 263.0, 264.0, 265.0, 266.0, 267.0, 268.0, 269.0
% Backup Solver: glucose_2
% Input Instances for Training: 270 (-unsolvable)
% Used Instances for Training: 270 (-unsolvable)
% Train with RANDOMFOREST-CLASSVOTER
% PAR10 on current test set: 15529.63 (30 instances)
% >>> 3-th iteration<<<
('sr: ', array([ 850.81906588,  187.59683837,  132.10003858,  123.7860027 ,
         91.86164649,   82.73308551,   73.93294035]), ' - svd_k: ', 7)

opt_portfolio:  [0 0 0 0 0 0 0 0 0 0 0 0 0 0 0 0 0 0]
opt_portfolio v2:  set([0, 1, 2, 3, 4, 5, 6, 7, 8, 9, 10, 11, 12, 13, 14, 15, 16, 17])
('top_ft_inx_arr: ', array([ 0,  3,  4,  5,  6,  7,  8, 13, 14, 15, 16, 19, 21, 24, 26, 29, 30,
       31, 34, 35, 36, 37, 39, 46, 47]))
ft_imp_total =  1.0
top_ft_inx_arr:  [ 0  3  4  5  6  7  8 13 14 15 16 19 21 24 26 29 30 31 34 35 36 37 39 46 47]
(25 out of 50) Features to keep are determined: 0, 3, 4, 5, 6, 7, 8, 13, 14, 15, 16, 19, 21, 24, 26, 29, 30, 31, 34, 35, 36, 37, 39, 46, 47
('No algorithm subset selection, just get the optimal portfolio: ', '0, 1, 2, 3, 4, 5, 6, 7, 8, 9, 10, 11, 12, 13, 14, 15, 16, 17')
(18 out of 18) Algorithms/solvers to keep are determined: 0, 1, 2, 3, 4, 5, 6, 7, 8, 9, 10, 11, 12, 13, 14, 15, 16, 17
('inst_per_cls : ', array([   0.,    1.,    2.,    3.,    4.,    5.,    6.,    7.,    8.,
          9.,   10.,   11.,   12.,   13.,   14.,   15.,   16.,   17.,
         18.,   19.,   20.,   21.,   22.,   23.,   24.,   25.,   26.,
         27.,   28.,   29.,   30.,   31.,   32.,   33.,   34.,   35.,
         36.,   37.,   38.,   39.,   40.,   41.,   42.,   43.,   44.,
         45.,   46.,   47.,   48.,   49.,   50.,   51.,   52.,   53.,
         54.,   55.,   56.,   57.,   58.,   59.,   60.,   61.,   62.,
         63.,   64.,   65.,   66.,   67.,   68.,   69.,   70.,   71.,
         72.,   73.,   74.,   75.,   76.,   77.,   78.,   79.,   80.,
         81.,   82.,   83.,   84.,   85.,   86.,   87.,   88.,   89.,
         90.,   91.,   92.,   93.,   94.,   95.,   96.,   97.,   98.,
         99.,  100.,  101.,  102.,  103.,  104.,  105.,  106.,  107.,
        108.,  109.,  110.,  111.,  112.,  113.,  114.,  115.,  116.,
        117.,  118.,  119.,  120.,  121.,  122.,  123.,  124.,  125.,
        126.,  127.,  128.,  129.,  130.,  131.,  132.,  133.,  134.,
        135.,  136.,  137.,  138.,  139.,  140.,  141.,  142.,  143.,
        144.,  145.,  146.,  147.,  148.,  149.,  150.,  151.,  152.,
        153.,  154.,  155.,  156.,  157.,  158.,  159.,  160.,  161.,
        162.,  163.,  164.,  165.,  166.,  167.,  168.,  169.,  170.,
        171.,  172.,  173.,  174.,  175.,  176.,  177.,  178.,  179.,
        180.,  181.,  182.,  183.,  184.,  185.,  186.,  187.,  188.,
        189.,  190.,  191.,  192.,  193.,  194.,  195.,  196.,  197.,
        198.,  199.,  200.,  201.,  202.,  203.,  204.,  205.,  206.,
        207.,  208.,  209.,  210.,  211.,  212.,  213.,  214.,  215.,
        216.,  217.,  218.,  219.,  220.,  221.,  222.,  223.,  224.,
        225.,  226.,  227.,  228.,  229.,  230.,  231.,  232.,  233.,
        234.,  235.,  236.,  237.,  238.,  239.,  240.,  241.,  242.,
        243.,  244.,  245.,  246.,  247.,  248.,  249.,  250.,  251.,
        252.,  253.,  254.,  255.,  256.,  257.,  258.,  259.,  260.,
        261.,  262.,  263.,  264.,  265.,  266.,  267.,  268.,  269.]))
(270 out of 270) Instances to keep are determined: 0.0, 1.0, 2.0, 3.0, 4.0, 5.0, 6.0, 7.0, 8.0, 9.0, 10.0, 11.0, 12.0, 13.0, 14.0, 15.0, 16.0, 17.0, 18.0, 19.0, 20.0, 21.0, 22.0, 23.0, 24.0, 25.0, 26.0, 27.0, 28.0, 29.0, 30.0, 31.0, 32.0, 33.0, 34.0, 35.0, 36.0, 37.0, 38.0, 39.0, 40.0, 41.0, 42.0, 43.0, 44.0, 45.0, 46.0, 47.0, 48.0, 49.0, 50.0, 51.0, 52.0, 53.0, 54.0, 55.0, 56.0, 57.0, 58.0, 59.0, 60.0, 61.0, 62.0, 63.0, 64.0, 65.0, 66.0, 67.0, 68.0, 69.0, 70.0, 71.0, 72.0, 73.0, 74.0, 75.0, 76.0, 77.0, 78.0, 79.0, 80.0, 81.0, 82.0, 83.0, 84.0, 85.0, 86.0, 87.0, 88.0, 89.0, 90.0, 91.0, 92.0, 93.0, 94.0, 95.0, 96.0, 97.0, 98.0, 99.0, 100.0, 101.0, 102.0, 103.0, 104.0, 105.0, 106.0, 107.0, 108.0, 109.0, 110.0, 111.0, 112.0, 113.0, 114.0, 115.0, 116.0, 117.0, 118.0, 119.0, 120.0, 121.0, 122.0, 123.0, 124.0, 125.0, 126.0, 127.0, 128.0, 129.0, 130.0, 131.0, 132.0, 133.0, 134.0, 135.0, 136.0, 137.0, 138.0, 139.0, 140.0, 141.0, 142.0, 143.0, 144.0, 145.0, 146.0, 147.0, 148.0, 149.0, 150.0, 151.0, 152.0, 153.0, 154.0, 155.0, 156.0, 157.0, 158.0, 159.0, 160.0, 161.0, 162.0, 163.0, 164.0, 165.0, 166.0, 167.0, 168.0, 169.0, 170.0, 171.0, 172.0, 173.0, 174.0, 175.0, 176.0, 177.0, 178.0, 179.0, 180.0, 181.0, 182.0, 183.0, 184.0, 185.0, 186.0, 187.0, 188.0, 189.0, 190.0, 191.0, 192.0, 193.0, 194.0, 195.0, 196.0, 197.0, 198.0, 199.0, 200.0, 201.0, 202.0, 203.0, 204.0, 205.0, 206.0, 207.0, 208.0, 209.0, 210.0, 211.0, 212.0, 213.0, 214.0, 215.0, 216.0, 217.0, 218.0, 219.0, 220.0, 221.0, 222.0, 223.0, 224.0, 225.0, 226.0, 227.0, 228.0, 229.0, 230.0, 231.0, 232.0, 233.0, 234.0, 235.0, 236.0, 237.0, 238.0, 239.0, 240.0, 241.0, 242.0, 243.0, 244.0, 245.0, 246.0, 247.0, 248.0, 249.0, 250.0, 251.0, 252.0, 253.0, 254.0, 255.0, 256.0, 257.0, 258.0, 259.0, 260.0, 261.0, 262.0, 263.0, 264.0, 265.0, 266.0, 267.0, 268.0, 269.0
% Backup Solver: glucose_2
% Input Instances for Training: 270 (-unsolvable)
% Used Instances for Training: 270 (-unsolvable)
% Train with RANDOMFOREST-CLASSVOTER
% PAR10 on current test set: 16963.06 (30 instances)
% >>> 4-th iteration<<<
('sr: ', array([ 852.26751891,  186.5630564 ,  131.57015826,  124.80700411,
         91.91209407,   81.99798781,   73.6383728 ]), ' - svd_k: ', 7)

opt_portfolio:  [0 0 0 0 0 0 0 0 0 0 0 0 0 0 0 0 0 0]
opt_portfolio v2:  set([0, 1, 2, 3, 4, 5, 6, 7, 8, 9, 10, 11, 12, 13, 14, 15, 16, 17])
('top_ft_inx_arr: ', array([ 2,  3,  4,  5,  6,  8, 11, 14, 15, 16, 18, 21, 24, 25, 26, 29, 31,
       33, 35, 36, 37, 39, 46, 47, 48]))
ft_imp_total =  1.0
top_ft_inx_arr:  [ 2  3  4  5  6  8 11 14 15 16 18 21 24 25 26 29 31 33 35 36 37 39 46 47 48]
(25 out of 50) Features to keep are determined: 2, 3, 4, 5, 6, 8, 11, 14, 15, 16, 18, 21, 24, 25, 26, 29, 31, 33, 35, 36, 37, 39, 46, 47, 48
('No algorithm subset selection, just get the optimal portfolio: ', '0, 1, 2, 3, 4, 5, 6, 7, 8, 9, 10, 11, 12, 13, 14, 15, 16, 17')
(18 out of 18) Algorithms/solvers to keep are determined: 0, 1, 2, 3, 4, 5, 6, 7, 8, 9, 10, 11, 12, 13, 14, 15, 16, 17
('inst_per_cls : ', array([   0.,    1.,    2.,    3.,    4.,    5.,    6.,    7.,    8.,
          9.,   10.,   11.,   12.,   13.,   14.,   15.,   16.,   17.,
         18.,   19.,   20.,   21.,   22.,   23.,   24.,   25.,   26.,
         27.,   28.,   29.,   30.,   31.,   32.,   33.,   34.,   35.,
         36.,   37.,   38.,   39.,   40.,   41.,   42.,   43.,   44.,
         45.,   46.,   47.,   48.,   49.,   50.,   51.,   52.,   53.,
         54.,   55.,   56.,   57.,   58.,   59.,   60.,   61.,   62.,
         63.,   64.,   65.,   66.,   67.,   68.,   69.,   70.,   71.,
         72.,   73.,   74.,   75.,   76.,   77.,   78.,   79.,   80.,
         81.,   82.,   83.,   84.,   85.,   86.,   87.,   88.,   89.,
         90.,   91.,   92.,   93.,   94.,   95.,   96.,   97.,   98.,
         99.,  100.,  101.,  102.,  103.,  104.,  105.,  106.,  107.,
        108.,  109.,  110.,  111.,  112.,  113.,  114.,  115.,  116.,
        117.,  118.,  119.,  120.,  121.,  122.,  123.,  124.,  125.,
        126.,  127.,  128.,  129.,  130.,  131.,  132.,  133.,  134.,
        135.,  136.,  137.,  138.,  139.,  140.,  141.,  142.,  143.,
        144.,  145.,  146.,  147.,  148.,  149.,  150.,  151.,  152.,
        153.,  154.,  155.,  156.,  157.,  158.,  159.,  160.,  161.,
        162.,  163.,  164.,  165.,  166.,  167.,  168.,  169.,  170.,
        171.,  172.,  173.,  174.,  175.,  176.,  177.,  178.,  179.,
        180.,  181.,  182.,  183.,  184.,  185.,  186.,  187.,  188.,
        189.,  190.,  191.,  192.,  193.,  194.,  195.,  196.,  197.,
        198.,  199.,  200.,  201.,  202.,  203.,  204.,  205.,  206.,
        207.,  208.,  209.,  210.,  211.,  212.,  213.,  214.,  215.,
        216.,  217.,  218.,  219.,  220.,  221.,  222.,  223.,  224.,
        225.,  226.,  227.,  228.,  229.,  230.,  231.,  232.,  233.,
        234.,  235.,  236.,  237.,  238.,  239.,  240.,  241.,  242.,
        243.,  244.,  245.,  246.,  247.,  248.,  249.,  250.,  251.,
        252.,  253.,  254.,  255.,  256.,  257.,  258.,  259.,  260.,
        261.,  262.,  263.,  264.,  265.,  266.,  267.,  268.,  269.]))
(270 out of 270) Instances to keep are determined: 0.0, 1.0, 2.0, 3.0, 4.0, 5.0, 6.0, 7.0, 8.0, 9.0, 10.0, 11.0, 12.0, 13.0, 14.0, 15.0, 16.0, 17.0, 18.0, 19.0, 20.0, 21.0, 22.0, 23.0, 24.0, 25.0, 26.0, 27.0, 28.0, 29.0, 30.0, 31.0, 32.0, 33.0, 34.0, 35.0, 36.0, 37.0, 38.0, 39.0, 40.0, 41.0, 42.0, 43.0, 44.0, 45.0, 46.0, 47.0, 48.0, 49.0, 50.0, 51.0, 52.0, 53.0, 54.0, 55.0, 56.0, 57.0, 58.0, 59.0, 60.0, 61.0, 62.0, 63.0, 64.0, 65.0, 66.0, 67.0, 68.0, 69.0, 70.0, 71.0, 72.0, 73.0, 74.0, 75.0, 76.0, 77.0, 78.0, 79.0, 80.0, 81.0, 82.0, 83.0, 84.0, 85.0, 86.0, 87.0, 88.0, 89.0, 90.0, 91.0, 92.0, 93.0, 94.0, 95.0, 96.0, 97.0, 98.0, 99.0, 100.0, 101.0, 102.0, 103.0, 104.0, 105.0, 106.0, 107.0, 108.0, 109.0, 110.0, 111.0, 112.0, 113.0, 114.0, 115.0, 116.0, 117.0, 118.0, 119.0, 120.0, 121.0, 122.0, 123.0, 124.0, 125.0, 126.0, 127.0, 128.0, 129.0, 130.0, 131.0, 132.0, 133.0, 134.0, 135.0, 136.0, 137.0, 138.0, 139.0, 140.0, 141.0, 142.0, 143.0, 144.0, 145.0, 146.0, 147.0, 148.0, 149.0, 150.0, 151.0, 152.0, 153.0, 154.0, 155.0, 156.0, 157.0, 158.0, 159.0, 160.0, 161.0, 162.0, 163.0, 164.0, 165.0, 166.0, 167.0, 168.0, 169.0, 170.0, 171.0, 172.0, 173.0, 174.0, 175.0, 176.0, 177.0, 178.0, 179.0, 180.0, 181.0, 182.0, 183.0, 184.0, 185.0, 186.0, 187.0, 188.0, 189.0, 190.0, 191.0, 192.0, 193.0, 194.0, 195.0, 196.0, 197.0, 198.0, 199.0, 200.0, 201.0, 202.0, 203.0, 204.0, 205.0, 206.0, 207.0, 208.0, 209.0, 210.0, 211.0, 212.0, 213.0, 214.0, 215.0, 216.0, 217.0, 218.0, 219.0, 220.0, 221.0, 222.0, 223.0, 224.0, 225.0, 226.0, 227.0, 228.0, 229.0, 230.0, 231.0, 232.0, 233.0, 234.0, 235.0, 236.0, 237.0, 238.0, 239.0, 240.0, 241.0, 242.0, 243.0, 244.0, 245.0, 246.0, 247.0, 248.0, 249.0, 250.0, 251.0, 252.0, 253.0, 254.0, 255.0, 256.0, 257.0, 258.0, 259.0, 260.0, 261.0, 262.0, 263.0, 264.0, 265.0, 266.0, 267.0, 268.0, 269.0
% Backup Solver: glucose_2
% Input Instances for Training: 270 (-unsolvable)
% Used Instances for Training: 270 (-unsolvable)
% Train with RANDOMFOREST-CLASSVOTER
% PAR10 on current test set: 10530.60 (30 instances)
% >>> 5-th iteration<<<
('sr: ', array([ 850.54743738,  188.68551392,  129.29703694,  124.42529551,
         88.512154  ,   82.91047006,   75.42973175]), ' - svd_k: ', 7)

opt_portfolio:  [0 0 0 0 0 0 0 0 0 0 0 0 0 0 0 0 0 0]
opt_portfolio v2:  set([0, 1, 2, 3, 4, 5, 6, 7, 8, 9, 10, 11, 12, 13, 14, 15, 16, 17])
('top_ft_inx_arr: ', array([ 1,  3,  4,  5,  6,  7,  8, 11, 15, 16, 18, 19, 21, 24, 25, 26, 29,
       31, 34, 35, 36, 37, 39, 46, 47]))
ft_imp_total =  1.0
top_ft_inx_arr:  [ 1  3  4  5  6  7  8 11 15 16 18 19 21 24 25 26 29 31 34 35 36 37 39 46 47]
(25 out of 50) Features to keep are determined: 1, 3, 4, 5, 6, 7, 8, 11, 15, 16, 18, 19, 21, 24, 25, 26, 29, 31, 34, 35, 36, 37, 39, 46, 47
('No algorithm subset selection, just get the optimal portfolio: ', '0, 1, 2, 3, 4, 5, 6, 7, 8, 9, 10, 11, 12, 13, 14, 15, 16, 17')
(18 out of 18) Algorithms/solvers to keep are determined: 0, 1, 2, 3, 4, 5, 6, 7, 8, 9, 10, 11, 12, 13, 14, 15, 16, 17
('inst_per_cls : ', array([   0.,    1.,    2.,    3.,    4.,    5.,    6.,    7.,    8.,
          9.,   10.,   11.,   12.,   13.,   14.,   15.,   16.,   17.,
         18.,   19.,   20.,   21.,   22.,   23.,   24.,   25.,   26.,
         27.,   28.,   29.,   30.,   31.,   32.,   33.,   34.,   35.,
         36.,   37.,   38.,   39.,   40.,   41.,   42.,   43.,   44.,
         45.,   46.,   47.,   48.,   49.,   50.,   51.,   52.,   53.,
         54.,   55.,   56.,   57.,   58.,   59.,   60.,   61.,   62.,
         63.,   64.,   65.,   66.,   67.,   68.,   69.,   70.,   71.,
         72.,   73.,   74.,   75.,   76.,   77.,   78.,   79.,   80.,
         81.,   82.,   83.,   84.,   85.,   86.,   87.,   88.,   89.,
         90.,   91.,   92.,   93.,   94.,   95.,   96.,   97.,   98.,
         99.,  100.,  101.,  102.,  103.,  104.,  105.,  106.,  107.,
        108.,  109.,  110.,  111.,  112.,  113.,  114.,  115.,  116.,
        117.,  118.,  119.,  120.,  121.,  122.,  123.,  124.,  125.,
        126.,  127.,  128.,  129.,  130.,  131.,  132.,  133.,  134.,
        135.,  136.,  137.,  138.,  139.,  140.,  141.,  142.,  143.,
        144.,  145.,  146.,  147.,  148.,  149.,  150.,  151.,  152.,
        153.,  154.,  155.,  156.,  157.,  158.,  159.,  160.,  161.,
        162.,  163.,  164.,  165.,  166.,  167.,  168.,  169.,  170.,
        171.,  172.,  173.,  174.,  175.,  176.,  177.,  178.,  179.,
        180.,  181.,  182.,  183.,  184.,  185.,  186.,  187.,  188.,
        189.,  190.,  191.,  192.,  193.,  194.,  195.,  196.,  197.,
        198.,  199.,  200.,  201.,  202.,  203.,  204.,  205.,  206.,
        207.,  208.,  209.,  210.,  211.,  212.,  213.,  214.,  215.,
        216.,  217.,  218.,  219.,  220.,  221.,  222.,  223.,  224.,
        225.,  226.,  227.,  228.,  229.,  230.,  231.,  232.,  233.,
        234.,  235.,  236.,  237.,  238.,  239.,  240.,  241.,  242.,
        243.,  244.,  245.,  246.,  247.,  248.,  249.,  250.,  251.,
        252.,  253.,  254.,  255.,  256.,  257.,  258.,  259.,  260.,
        261.,  262.,  263.,  264.,  265.,  266.,  267.,  268.,  269.]))
(270 out of 270) Instances to keep are determined: 0.0, 1.0, 2.0, 3.0, 4.0, 5.0, 6.0, 7.0, 8.0, 9.0, 10.0, 11.0, 12.0, 13.0, 14.0, 15.0, 16.0, 17.0, 18.0, 19.0, 20.0, 21.0, 22.0, 23.0, 24.0, 25.0, 26.0, 27.0, 28.0, 29.0, 30.0, 31.0, 32.0, 33.0, 34.0, 35.0, 36.0, 37.0, 38.0, 39.0, 40.0, 41.0, 42.0, 43.0, 44.0, 45.0, 46.0, 47.0, 48.0, 49.0, 50.0, 51.0, 52.0, 53.0, 54.0, 55.0, 56.0, 57.0, 58.0, 59.0, 60.0, 61.0, 62.0, 63.0, 64.0, 65.0, 66.0, 67.0, 68.0, 69.0, 70.0, 71.0, 72.0, 73.0, 74.0, 75.0, 76.0, 77.0, 78.0, 79.0, 80.0, 81.0, 82.0, 83.0, 84.0, 85.0, 86.0, 87.0, 88.0, 89.0, 90.0, 91.0, 92.0, 93.0, 94.0, 95.0, 96.0, 97.0, 98.0, 99.0, 100.0, 101.0, 102.0, 103.0, 104.0, 105.0, 106.0, 107.0, 108.0, 109.0, 110.0, 111.0, 112.0, 113.0, 114.0, 115.0, 116.0, 117.0, 118.0, 119.0, 120.0, 121.0, 122.0, 123.0, 124.0, 125.0, 126.0, 127.0, 128.0, 129.0, 130.0, 131.0, 132.0, 133.0, 134.0, 135.0, 136.0, 137.0, 138.0, 139.0, 140.0, 141.0, 142.0, 143.0, 144.0, 145.0, 146.0, 147.0, 148.0, 149.0, 150.0, 151.0, 152.0, 153.0, 154.0, 155.0, 156.0, 157.0, 158.0, 159.0, 160.0, 161.0, 162.0, 163.0, 164.0, 165.0, 166.0, 167.0, 168.0, 169.0, 170.0, 171.0, 172.0, 173.0, 174.0, 175.0, 176.0, 177.0, 178.0, 179.0, 180.0, 181.0, 182.0, 183.0, 184.0, 185.0, 186.0, 187.0, 188.0, 189.0, 190.0, 191.0, 192.0, 193.0, 194.0, 195.0, 196.0, 197.0, 198.0, 199.0, 200.0, 201.0, 202.0, 203.0, 204.0, 205.0, 206.0, 207.0, 208.0, 209.0, 210.0, 211.0, 212.0, 213.0, 214.0, 215.0, 216.0, 217.0, 218.0, 219.0, 220.0, 221.0, 222.0, 223.0, 224.0, 225.0, 226.0, 227.0, 228.0, 229.0, 230.0, 231.0, 232.0, 233.0, 234.0, 235.0, 236.0, 237.0, 238.0, 239.0, 240.0, 241.0, 242.0, 243.0, 244.0, 245.0, 246.0, 247.0, 248.0, 249.0, 250.0, 251.0, 252.0, 253.0, 254.0, 255.0, 256.0, 257.0, 258.0, 259.0, 260.0, 261.0, 262.0, 263.0, 264.0, 265.0, 266.0, 267.0, 268.0, 269.0
% Backup Solver: glucose_2
% Input Instances for Training: 270 (-unsolvable)
% Used Instances for Training: 270 (-unsolvable)
% Train with RANDOMFOREST-CLASSVOTER
% PAR10 on current test set: 10581.44 (30 instances)
% >>> 6-th iteration<<<
('sr: ', array([ 851.51020245,  185.88328746,  131.87092063,  123.74146817,
         89.15419152,   81.88014174,   72.55813445]), ' - svd_k: ', 7)

opt_portfolio:  [0 0 0 0 0 0 0 0 0 0 0 0 0 0 0 0 0 0]
opt_portfolio v2:  set([0, 1, 2, 3, 4, 5, 6, 7, 8, 9, 10, 11, 12, 13, 14, 15, 16, 17])
('top_ft_inx_arr: ', array([ 4,  5,  7,  8, 13, 15, 16, 19, 21, 23, 24, 25, 26, 29, 31, 33, 34,
       35, 36, 37, 39, 41, 46, 47, 49]))
ft_imp_total =  1.0
top_ft_inx_arr:  [ 4  5  7  8 13 15 16 19 21 23 24 25 26 29 31 33 34 35 36 37 39 41 46 47 49]
(25 out of 50) Features to keep are determined: 4, 5, 7, 8, 13, 15, 16, 19, 21, 23, 24, 25, 26, 29, 31, 33, 34, 35, 36, 37, 39, 41, 46, 47, 49
('No algorithm subset selection, just get the optimal portfolio: ', '0, 1, 2, 3, 4, 5, 6, 7, 8, 9, 10, 11, 12, 13, 14, 15, 16, 17')
(18 out of 18) Algorithms/solvers to keep are determined: 0, 1, 2, 3, 4, 5, 6, 7, 8, 9, 10, 11, 12, 13, 14, 15, 16, 17
('inst_per_cls : ', array([   0.,    1.,    2.,    3.,    4.,    5.,    6.,    7.,    8.,
          9.,   10.,   11.,   12.,   13.,   14.,   15.,   16.,   17.,
         18.,   19.,   20.,   21.,   22.,   23.,   24.,   25.,   26.,
         27.,   28.,   29.,   30.,   31.,   32.,   33.,   34.,   35.,
         36.,   37.,   38.,   39.,   40.,   41.,   42.,   43.,   44.,
         45.,   46.,   47.,   48.,   49.,   50.,   51.,   52.,   53.,
         54.,   55.,   56.,   57.,   58.,   59.,   60.,   61.,   62.,
         63.,   64.,   65.,   66.,   67.,   68.,   69.,   70.,   71.,
         72.,   73.,   74.,   75.,   76.,   77.,   78.,   79.,   80.,
         81.,   82.,   83.,   84.,   85.,   86.,   87.,   88.,   89.,
         90.,   91.,   92.,   93.,   94.,   95.,   96.,   97.,   98.,
         99.,  100.,  101.,  102.,  103.,  104.,  105.,  106.,  107.,
        108.,  109.,  110.,  111.,  112.,  113.,  114.,  115.,  116.,
        117.,  118.,  119.,  120.,  121.,  122.,  123.,  124.,  125.,
        126.,  127.,  128.,  129.,  130.,  131.,  132.,  133.,  134.,
        135.,  136.,  137.,  138.,  139.,  140.,  141.,  142.,  143.,
        144.,  145.,  146.,  147.,  148.,  149.,  150.,  151.,  152.,
        153.,  154.,  155.,  156.,  157.,  158.,  159.,  160.,  161.,
        162.,  163.,  164.,  165.,  166.,  167.,  168.,  169.,  170.,
        171.,  172.,  173.,  174.,  175.,  176.,  177.,  178.,  179.,
        180.,  181.,  182.,  183.,  184.,  185.,  186.,  187.,  188.,
        189.,  190.,  191.,  192.,  193.,  194.,  195.,  196.,  197.,
        198.,  199.,  200.,  201.,  202.,  203.,  204.,  205.,  206.,
        207.,  208.,  209.,  210.,  211.,  212.,  213.,  214.,  215.,
        216.,  217.,  218.,  219.,  220.,  221.,  222.,  223.,  224.,
        225.,  226.,  227.,  228.,  229.,  230.,  231.,  232.,  233.,
        234.,  235.,  236.,  237.,  238.,  239.,  240.,  241.,  242.,
        243.,  244.,  245.,  246.,  247.,  248.,  249.,  250.,  251.,
        252.,  253.,  254.,  255.,  256.,  257.,  258.,  259.,  260.,
        261.,  262.,  263.,  264.,  265.,  266.,  267.,  268.,  269.]))
(270 out of 270) Instances to keep are determined: 0.0, 1.0, 2.0, 3.0, 4.0, 5.0, 6.0, 7.0, 8.0, 9.0, 10.0, 11.0, 12.0, 13.0, 14.0, 15.0, 16.0, 17.0, 18.0, 19.0, 20.0, 21.0, 22.0, 23.0, 24.0, 25.0, 26.0, 27.0, 28.0, 29.0, 30.0, 31.0, 32.0, 33.0, 34.0, 35.0, 36.0, 37.0, 38.0, 39.0, 40.0, 41.0, 42.0, 43.0, 44.0, 45.0, 46.0, 47.0, 48.0, 49.0, 50.0, 51.0, 52.0, 53.0, 54.0, 55.0, 56.0, 57.0, 58.0, 59.0, 60.0, 61.0, 62.0, 63.0, 64.0, 65.0, 66.0, 67.0, 68.0, 69.0, 70.0, 71.0, 72.0, 73.0, 74.0, 75.0, 76.0, 77.0, 78.0, 79.0, 80.0, 81.0, 82.0, 83.0, 84.0, 85.0, 86.0, 87.0, 88.0, 89.0, 90.0, 91.0, 92.0, 93.0, 94.0, 95.0, 96.0, 97.0, 98.0, 99.0, 100.0, 101.0, 102.0, 103.0, 104.0, 105.0, 106.0, 107.0, 108.0, 109.0, 110.0, 111.0, 112.0, 113.0, 114.0, 115.0, 116.0, 117.0, 118.0, 119.0, 120.0, 121.0, 122.0, 123.0, 124.0, 125.0, 126.0, 127.0, 128.0, 129.0, 130.0, 131.0, 132.0, 133.0, 134.0, 135.0, 136.0, 137.0, 138.0, 139.0, 140.0, 141.0, 142.0, 143.0, 144.0, 145.0, 146.0, 147.0, 148.0, 149.0, 150.0, 151.0, 152.0, 153.0, 154.0, 155.0, 156.0, 157.0, 158.0, 159.0, 160.0, 161.0, 162.0, 163.0, 164.0, 165.0, 166.0, 167.0, 168.0, 169.0, 170.0, 171.0, 172.0, 173.0, 174.0, 175.0, 176.0, 177.0, 178.0, 179.0, 180.0, 181.0, 182.0, 183.0, 184.0, 185.0, 186.0, 187.0, 188.0, 189.0, 190.0, 191.0, 192.0, 193.0, 194.0, 195.0, 196.0, 197.0, 198.0, 199.0, 200.0, 201.0, 202.0, 203.0, 204.0, 205.0, 206.0, 207.0, 208.0, 209.0, 210.0, 211.0, 212.0, 213.0, 214.0, 215.0, 216.0, 217.0, 218.0, 219.0, 220.0, 221.0, 222.0, 223.0, 224.0, 225.0, 226.0, 227.0, 228.0, 229.0, 230.0, 231.0, 232.0, 233.0, 234.0, 235.0, 236.0, 237.0, 238.0, 239.0, 240.0, 241.0, 242.0, 243.0, 244.0, 245.0, 246.0, 247.0, 248.0, 249.0, 250.0, 251.0, 252.0, 253.0, 254.0, 255.0, 256.0, 257.0, 258.0, 259.0, 260.0, 261.0, 262.0, 263.0, 264.0, 265.0, 266.0, 267.0, 268.0, 269.0
% Backup Solver: glucose_2
% Input Instances for Training: 270 (-unsolvable)
% Used Instances for Training: 270 (-unsolvable)
% Train with RANDOMFOREST-CLASSVOTER
% PAR10 on current test set: 13961.19 (30 instances)
% >>> 7-th iteration<<<
('sr: ', array([ 855.55885297,  185.53124867,  130.34249177,  124.16268867,
         91.68015352,   84.15635315,   74.98760026]), ' - svd_k: ', 7)

opt_portfolio:  [0 0 0 0 0 0 0 0 0 0 0 0 0 0 0 0 0 0]
opt_portfolio v2:  set([0, 1, 2, 3, 4, 5, 6, 7, 8, 9, 10, 11, 12, 13, 14, 15, 16, 17])
('top_ft_inx_arr: ', array([ 2,  3,  4,  5,  6,  7,  8, 11, 13, 15, 16, 18, 19, 21, 24, 26, 29,
       33, 34, 35, 37, 39, 41, 46, 47]))
ft_imp_total =  1.0
top_ft_inx_arr:  [ 2  3  4  5  6  7  8 11 13 15 16 18 19 21 24 26 29 33 34 35 37 39 41 46 47]
(25 out of 50) Features to keep are determined: 2, 3, 4, 5, 6, 7, 8, 11, 13, 15, 16, 18, 19, 21, 24, 26, 29, 33, 34, 35, 37, 39, 41, 46, 47
('No algorithm subset selection, just get the optimal portfolio: ', '0, 1, 2, 3, 4, 5, 6, 7, 8, 9, 10, 11, 12, 13, 14, 15, 16, 17')
(18 out of 18) Algorithms/solvers to keep are determined: 0, 1, 2, 3, 4, 5, 6, 7, 8, 9, 10, 11, 12, 13, 14, 15, 16, 17
('inst_per_cls : ', array([   0.,    1.,    2.,    3.,    4.,    5.,    6.,    7.,    8.,
          9.,   10.,   11.,   12.,   13.,   14.,   15.,   16.,   17.,
         18.,   19.,   20.,   21.,   22.,   23.,   24.,   25.,   26.,
         27.,   28.,   29.,   30.,   31.,   32.,   33.,   34.,   35.,
         36.,   37.,   38.,   39.,   40.,   41.,   42.,   43.,   44.,
         45.,   46.,   47.,   48.,   49.,   50.,   51.,   52.,   53.,
         54.,   55.,   56.,   57.,   58.,   59.,   60.,   61.,   62.,
         63.,   64.,   65.,   66.,   67.,   68.,   69.,   70.,   71.,
         72.,   73.,   74.,   75.,   76.,   77.,   78.,   79.,   80.,
         81.,   82.,   83.,   84.,   85.,   86.,   87.,   88.,   89.,
         90.,   91.,   92.,   93.,   94.,   95.,   96.,   97.,   98.,
         99.,  100.,  101.,  102.,  103.,  104.,  105.,  106.,  107.,
        108.,  109.,  110.,  111.,  112.,  113.,  114.,  115.,  116.,
        117.,  118.,  119.,  120.,  121.,  122.,  123.,  124.,  125.,
        126.,  127.,  128.,  129.,  130.,  131.,  132.,  133.,  134.,
        135.,  136.,  137.,  138.,  139.,  140.,  141.,  142.,  143.,
        144.,  145.,  146.,  147.,  148.,  149.,  150.,  151.,  152.,
        153.,  154.,  155.,  156.,  157.,  158.,  159.,  160.,  161.,
        162.,  163.,  164.,  165.,  166.,  167.,  168.,  169.,  170.,
        171.,  172.,  173.,  174.,  175.,  176.,  177.,  178.,  179.,
        180.,  181.,  182.,  183.,  184.,  185.,  186.,  187.,  188.,
        189.,  190.,  191.,  192.,  193.,  194.,  195.,  196.,  197.,
        198.,  199.,  200.,  201.,  202.,  203.,  204.,  205.,  206.,
        207.,  208.,  209.,  210.,  211.,  212.,  213.,  214.,  215.,
        216.,  217.,  218.,  219.,  220.,  221.,  222.,  223.,  224.,
        225.,  226.,  227.,  228.,  229.,  230.,  231.,  232.,  233.,
        234.,  235.,  236.,  237.,  238.,  239.,  240.,  241.,  242.,
        243.,  244.,  245.,  246.,  247.,  248.,  249.,  250.,  251.,
        252.,  253.,  254.,  255.,  256.,  257.,  258.,  259.,  260.,
        261.,  262.,  263.,  264.,  265.,  266.,  267.,  268.,  269.]))
(270 out of 270) Instances to keep are determined: 0.0, 1.0, 2.0, 3.0, 4.0, 5.0, 6.0, 7.0, 8.0, 9.0, 10.0, 11.0, 12.0, 13.0, 14.0, 15.0, 16.0, 17.0, 18.0, 19.0, 20.0, 21.0, 22.0, 23.0, 24.0, 25.0, 26.0, 27.0, 28.0, 29.0, 30.0, 31.0, 32.0, 33.0, 34.0, 35.0, 36.0, 37.0, 38.0, 39.0, 40.0, 41.0, 42.0, 43.0, 44.0, 45.0, 46.0, 47.0, 48.0, 49.0, 50.0, 51.0, 52.0, 53.0, 54.0, 55.0, 56.0, 57.0, 58.0, 59.0, 60.0, 61.0, 62.0, 63.0, 64.0, 65.0, 66.0, 67.0, 68.0, 69.0, 70.0, 71.0, 72.0, 73.0, 74.0, 75.0, 76.0, 77.0, 78.0, 79.0, 80.0, 81.0, 82.0, 83.0, 84.0, 85.0, 86.0, 87.0, 88.0, 89.0, 90.0, 91.0, 92.0, 93.0, 94.0, 95.0, 96.0, 97.0, 98.0, 99.0, 100.0, 101.0, 102.0, 103.0, 104.0, 105.0, 106.0, 107.0, 108.0, 109.0, 110.0, 111.0, 112.0, 113.0, 114.0, 115.0, 116.0, 117.0, 118.0, 119.0, 120.0, 121.0, 122.0, 123.0, 124.0, 125.0, 126.0, 127.0, 128.0, 129.0, 130.0, 131.0, 132.0, 133.0, 134.0, 135.0, 136.0, 137.0, 138.0, 139.0, 140.0, 141.0, 142.0, 143.0, 144.0, 145.0, 146.0, 147.0, 148.0, 149.0, 150.0, 151.0, 152.0, 153.0, 154.0, 155.0, 156.0, 157.0, 158.0, 159.0, 160.0, 161.0, 162.0, 163.0, 164.0, 165.0, 166.0, 167.0, 168.0, 169.0, 170.0, 171.0, 172.0, 173.0, 174.0, 175.0, 176.0, 177.0, 178.0, 179.0, 180.0, 181.0, 182.0, 183.0, 184.0, 185.0, 186.0, 187.0, 188.0, 189.0, 190.0, 191.0, 192.0, 193.0, 194.0, 195.0, 196.0, 197.0, 198.0, 199.0, 200.0, 201.0, 202.0, 203.0, 204.0, 205.0, 206.0, 207.0, 208.0, 209.0, 210.0, 211.0, 212.0, 213.0, 214.0, 215.0, 216.0, 217.0, 218.0, 219.0, 220.0, 221.0, 222.0, 223.0, 224.0, 225.0, 226.0, 227.0, 228.0, 229.0, 230.0, 231.0, 232.0, 233.0, 234.0, 235.0, 236.0, 237.0, 238.0, 239.0, 240.0, 241.0, 242.0, 243.0, 244.0, 245.0, 246.0, 247.0, 248.0, 249.0, 250.0, 251.0, 252.0, 253.0, 254.0, 255.0, 256.0, 257.0, 258.0, 259.0, 260.0, 261.0, 262.0, 263.0, 264.0, 265.0, 266.0, 267.0, 268.0, 269.0
% Backup Solver: glucose_2
% Input Instances for Training: 270 (-unsolvable)
% Used Instances for Training: 270 (-unsolvable)
% Train with RANDOMFOREST-CLASSVOTER
% PAR10 on current test set: 8743.14 (30 instances)
% >>> 8-th iteration<<<
('sr: ', array([ 852.36572047,  189.81523505,  129.02440771,  122.71159786,
         89.54987038,   82.93460205,   74.56499245]), ' - svd_k: ', 7)

opt_portfolio:  [0 0 0 0 0 0 0 0 0 0 0 0 0 0 0 0 0 0]
opt_portfolio v2:  set([0, 1, 2, 3, 4, 5, 6, 7, 8, 9, 10, 11, 12, 13, 14, 15, 16, 17])
('top_ft_inx_arr: ', array([ 3,  4,  5,  6,  7,  8, 11, 14, 15, 16, 18, 19, 21, 24, 26, 29, 33,
       34, 35, 36, 37, 41, 44, 46, 47]))
ft_imp_total =  1.0
top_ft_inx_arr:  [ 3  4  5  6  7  8 11 14 15 16 18 19 21 24 26 29 33 34 35 36 37 41 44 46 47]
(25 out of 50) Features to keep are determined: 3, 4, 5, 6, 7, 8, 11, 14, 15, 16, 18, 19, 21, 24, 26, 29, 33, 34, 35, 36, 37, 41, 44, 46, 47
('No algorithm subset selection, just get the optimal portfolio: ', '0, 1, 2, 3, 4, 5, 6, 7, 8, 9, 10, 11, 12, 13, 14, 15, 16, 17')
(18 out of 18) Algorithms/solvers to keep are determined: 0, 1, 2, 3, 4, 5, 6, 7, 8, 9, 10, 11, 12, 13, 14, 15, 16, 17
('inst_per_cls : ', array([   0.,    1.,    2.,    3.,    4.,    5.,    6.,    7.,    8.,
          9.,   10.,   11.,   12.,   13.,   14.,   15.,   16.,   17.,
         18.,   19.,   20.,   21.,   22.,   23.,   24.,   25.,   26.,
         27.,   28.,   29.,   30.,   31.,   32.,   33.,   34.,   35.,
         36.,   37.,   38.,   39.,   40.,   41.,   42.,   43.,   44.,
         45.,   46.,   47.,   48.,   49.,   50.,   51.,   52.,   53.,
         54.,   55.,   56.,   57.,   58.,   59.,   60.,   61.,   62.,
         63.,   64.,   65.,   66.,   67.,   68.,   69.,   70.,   71.,
         72.,   73.,   74.,   75.,   76.,   77.,   78.,   79.,   80.,
         81.,   82.,   83.,   84.,   85.,   86.,   87.,   88.,   89.,
         90.,   91.,   92.,   93.,   94.,   95.,   96.,   97.,   98.,
         99.,  100.,  101.,  102.,  103.,  104.,  105.,  106.,  107.,
        108.,  109.,  110.,  111.,  112.,  113.,  114.,  115.,  116.,
        117.,  118.,  119.,  120.,  121.,  122.,  123.,  124.,  125.,
        126.,  127.,  128.,  129.,  130.,  131.,  132.,  133.,  134.,
        135.,  136.,  137.,  138.,  139.,  140.,  141.,  142.,  143.,
        144.,  145.,  146.,  147.,  148.,  149.,  150.,  151.,  152.,
        153.,  154.,  155.,  156.,  157.,  158.,  159.,  160.,  161.,
        162.,  163.,  164.,  165.,  166.,  167.,  168.,  169.,  170.,
        171.,  172.,  173.,  174.,  175.,  176.,  177.,  178.,  179.,
        180.,  181.,  182.,  183.,  184.,  185.,  186.,  187.,  188.,
        189.,  190.,  191.,  192.,  193.,  194.,  195.,  196.,  197.,
        198.,  199.,  200.,  201.,  202.,  203.,  204.,  205.,  206.,
        207.,  208.,  209.,  210.,  211.,  212.,  213.,  214.,  215.,
        216.,  217.,  218.,  219.,  220.,  221.,  222.,  223.,  224.,
        225.,  226.,  227.,  228.,  229.,  230.,  231.,  232.,  233.,
        234.,  235.,  236.,  237.,  238.,  239.,  240.,  241.,  242.,
        243.,  244.,  245.,  246.,  247.,  248.,  249.,  250.,  251.,
        252.,  253.,  254.,  255.,  256.,  257.,  258.,  259.,  260.,
        261.,  262.,  263.,  264.,  265.,  266.,  267.,  268.,  269.]))
(270 out of 270) Instances to keep are determined: 0.0, 1.0, 2.0, 3.0, 4.0, 5.0, 6.0, 7.0, 8.0, 9.0, 10.0, 11.0, 12.0, 13.0, 14.0, 15.0, 16.0, 17.0, 18.0, 19.0, 20.0, 21.0, 22.0, 23.0, 24.0, 25.0, 26.0, 27.0, 28.0, 29.0, 30.0, 31.0, 32.0, 33.0, 34.0, 35.0, 36.0, 37.0, 38.0, 39.0, 40.0, 41.0, 42.0, 43.0, 44.0, 45.0, 46.0, 47.0, 48.0, 49.0, 50.0, 51.0, 52.0, 53.0, 54.0, 55.0, 56.0, 57.0, 58.0, 59.0, 60.0, 61.0, 62.0, 63.0, 64.0, 65.0, 66.0, 67.0, 68.0, 69.0, 70.0, 71.0, 72.0, 73.0, 74.0, 75.0, 76.0, 77.0, 78.0, 79.0, 80.0, 81.0, 82.0, 83.0, 84.0, 85.0, 86.0, 87.0, 88.0, 89.0, 90.0, 91.0, 92.0, 93.0, 94.0, 95.0, 96.0, 97.0, 98.0, 99.0, 100.0, 101.0, 102.0, 103.0, 104.0, 105.0, 106.0, 107.0, 108.0, 109.0, 110.0, 111.0, 112.0, 113.0, 114.0, 115.0, 116.0, 117.0, 118.0, 119.0, 120.0, 121.0, 122.0, 123.0, 124.0, 125.0, 126.0, 127.0, 128.0, 129.0, 130.0, 131.0, 132.0, 133.0, 134.0, 135.0, 136.0, 137.0, 138.0, 139.0, 140.0, 141.0, 142.0, 143.0, 144.0, 145.0, 146.0, 147.0, 148.0, 149.0, 150.0, 151.0, 152.0, 153.0, 154.0, 155.0, 156.0, 157.0, 158.0, 159.0, 160.0, 161.0, 162.0, 163.0, 164.0, 165.0, 166.0, 167.0, 168.0, 169.0, 170.0, 171.0, 172.0, 173.0, 174.0, 175.0, 176.0, 177.0, 178.0, 179.0, 180.0, 181.0, 182.0, 183.0, 184.0, 185.0, 186.0, 187.0, 188.0, 189.0, 190.0, 191.0, 192.0, 193.0, 194.0, 195.0, 196.0, 197.0, 198.0, 199.0, 200.0, 201.0, 202.0, 203.0, 204.0, 205.0, 206.0, 207.0, 208.0, 209.0, 210.0, 211.0, 212.0, 213.0, 214.0, 215.0, 216.0, 217.0, 218.0, 219.0, 220.0, 221.0, 222.0, 223.0, 224.0, 225.0, 226.0, 227.0, 228.0, 229.0, 230.0, 231.0, 232.0, 233.0, 234.0, 235.0, 236.0, 237.0, 238.0, 239.0, 240.0, 241.0, 242.0, 243.0, 244.0, 245.0, 246.0, 247.0, 248.0, 249.0, 250.0, 251.0, 252.0, 253.0, 254.0, 255.0, 256.0, 257.0, 258.0, 259.0, 260.0, 261.0, 262.0, 263.0, 264.0, 265.0, 266.0, 267.0, 268.0, 269.0
% Backup Solver: glueminisat_2.2.5
% Input Instances for Training: 270 (-unsolvable)
% Used Instances for Training: 270 (-unsolvable)
% Train with RANDOMFOREST-CLASSVOTER
% PAR10 on current test set: 10471.23 (30 instances)
% >>> 9-th iteration<<<
('sr: ', array([ 852.57558432,  187.61940442,  131.22463882,  122.77623418,
         86.67310396,   83.21613592,   75.04783018]), ' - svd_k: ', 7)

opt_portfolio:  [0 0 0 0 0 0 0 0 0 0 0 0 0 0 0 0 0 0]
opt_portfolio v2:  set([0, 1, 2, 3, 4, 5, 6, 7, 8, 9, 10, 11, 12, 13, 14, 15, 16, 17])
('top_ft_inx_arr: ', array([ 0,  3,  4,  5,  6,  7,  8, 11, 13, 15, 19, 21, 24, 25, 27, 28, 29,
       31, 33, 34, 35, 37, 39, 46, 48]))
ft_imp_total =  1.0
top_ft_inx_arr:  [ 0  3  4  5  6  7  8 11 13 15 19 21 24 25 27 28 29 31 33 34 35 37 39 46 48]
(25 out of 50) Features to keep are determined: 0, 3, 4, 5, 6, 7, 8, 11, 13, 15, 19, 21, 24, 25, 27, 28, 29, 31, 33, 34, 35, 37, 39, 46, 48
('No algorithm subset selection, just get the optimal portfolio: ', '0, 1, 2, 3, 4, 5, 6, 7, 8, 9, 10, 11, 12, 13, 14, 15, 16, 17')
(18 out of 18) Algorithms/solvers to keep are determined: 0, 1, 2, 3, 4, 5, 6, 7, 8, 9, 10, 11, 12, 13, 14, 15, 16, 17
('inst_per_cls : ', array([   0.,    1.,    2.,    3.,    4.,    5.,    6.,    7.,    8.,
          9.,   10.,   11.,   12.,   13.,   14.,   15.,   16.,   17.,
         18.,   19.,   20.,   21.,   22.,   23.,   24.,   25.,   26.,
         27.,   28.,   29.,   30.,   31.,   32.,   33.,   34.,   35.,
         36.,   37.,   38.,   39.,   40.,   41.,   42.,   43.,   44.,
         45.,   46.,   47.,   48.,   49.,   50.,   51.,   52.,   53.,
         54.,   55.,   56.,   57.,   58.,   59.,   60.,   61.,   62.,
         63.,   64.,   65.,   66.,   67.,   68.,   69.,   70.,   71.,
         72.,   73.,   74.,   75.,   76.,   77.,   78.,   79.,   80.,
         81.,   82.,   83.,   84.,   85.,   86.,   87.,   88.,   89.,
         90.,   91.,   92.,   93.,   94.,   95.,   96.,   97.,   98.,
         99.,  100.,  101.,  102.,  103.,  104.,  105.,  106.,  107.,
        108.,  109.,  110.,  111.,  112.,  113.,  114.,  115.,  116.,
        117.,  118.,  119.,  120.,  121.,  122.,  123.,  124.,  125.,
        126.,  127.,  128.,  129.,  130.,  131.,  132.,  133.,  134.,
        135.,  136.,  137.,  138.,  139.,  140.,  141.,  142.,  143.,
        144.,  145.,  146.,  147.,  148.,  149.,  150.,  151.,  152.,
        153.,  154.,  155.,  156.,  157.,  158.,  159.,  160.,  161.,
        162.,  163.,  164.,  165.,  166.,  167.,  168.,  169.,  170.,
        171.,  172.,  173.,  174.,  175.,  176.,  177.,  178.,  179.,
        180.,  181.,  182.,  183.,  184.,  185.,  186.,  187.,  188.,
        189.,  190.,  191.,  192.,  193.,  194.,  195.,  196.,  197.,
        198.,  199.,  200.,  201.,  202.,  203.,  204.,  205.,  206.,
        207.,  208.,  209.,  210.,  211.,  212.,  213.,  214.,  215.,
        216.,  217.,  218.,  219.,  220.,  221.,  222.,  223.,  224.,
        225.,  226.,  227.,  228.,  229.,  230.,  231.,  232.,  233.,
        234.,  235.,  236.,  237.,  238.,  239.,  240.,  241.,  242.,
        243.,  244.,  245.,  246.,  247.,  248.,  249.,  250.,  251.,
        252.,  253.,  254.,  255.,  256.,  257.,  258.,  259.,  260.,
        261.,  262.,  263.,  264.,  265.,  266.,  267.,  268.,  269.]))
(270 out of 270) Instances to keep are determined: 0.0, 1.0, 2.0, 3.0, 4.0, 5.0, 6.0, 7.0, 8.0, 9.0, 10.0, 11.0, 12.0, 13.0, 14.0, 15.0, 16.0, 17.0, 18.0, 19.0, 20.0, 21.0, 22.0, 23.0, 24.0, 25.0, 26.0, 27.0, 28.0, 29.0, 30.0, 31.0, 32.0, 33.0, 34.0, 35.0, 36.0, 37.0, 38.0, 39.0, 40.0, 41.0, 42.0, 43.0, 44.0, 45.0, 46.0, 47.0, 48.0, 49.0, 50.0, 51.0, 52.0, 53.0, 54.0, 55.0, 56.0, 57.0, 58.0, 59.0, 60.0, 61.0, 62.0, 63.0, 64.0, 65.0, 66.0, 67.0, 68.0, 69.0, 70.0, 71.0, 72.0, 73.0, 74.0, 75.0, 76.0, 77.0, 78.0, 79.0, 80.0, 81.0, 82.0, 83.0, 84.0, 85.0, 86.0, 87.0, 88.0, 89.0, 90.0, 91.0, 92.0, 93.0, 94.0, 95.0, 96.0, 97.0, 98.0, 99.0, 100.0, 101.0, 102.0, 103.0, 104.0, 105.0, 106.0, 107.0, 108.0, 109.0, 110.0, 111.0, 112.0, 113.0, 114.0, 115.0, 116.0, 117.0, 118.0, 119.0, 120.0, 121.0, 122.0, 123.0, 124.0, 125.0, 126.0, 127.0, 128.0, 129.0, 130.0, 131.0, 132.0, 133.0, 134.0, 135.0, 136.0, 137.0, 138.0, 139.0, 140.0, 141.0, 142.0, 143.0, 144.0, 145.0, 146.0, 147.0, 148.0, 149.0, 150.0, 151.0, 152.0, 153.0, 154.0, 155.0, 156.0, 157.0, 158.0, 159.0, 160.0, 161.0, 162.0, 163.0, 164.0, 165.0, 166.0, 167.0, 168.0, 169.0, 170.0, 171.0, 172.0, 173.0, 174.0, 175.0, 176.0, 177.0, 178.0, 179.0, 180.0, 181.0, 182.0, 183.0, 184.0, 185.0, 186.0, 187.0, 188.0, 189.0, 190.0, 191.0, 192.0, 193.0, 194.0, 195.0, 196.0, 197.0, 198.0, 199.0, 200.0, 201.0, 202.0, 203.0, 204.0, 205.0, 206.0, 207.0, 208.0, 209.0, 210.0, 211.0, 212.0, 213.0, 214.0, 215.0, 216.0, 217.0, 218.0, 219.0, 220.0, 221.0, 222.0, 223.0, 224.0, 225.0, 226.0, 227.0, 228.0, 229.0, 230.0, 231.0, 232.0, 233.0, 234.0, 235.0, 236.0, 237.0, 238.0, 239.0, 240.0, 241.0, 242.0, 243.0, 244.0, 245.0, 246.0, 247.0, 248.0, 249.0, 250.0, 251.0, 252.0, 253.0, 254.0, 255.0, 256.0, 257.0, 258.0, 259.0, 260.0, 261.0, 262.0, 263.0, 264.0, 265.0, 266.0, 267.0, 268.0, 269.0
% Backup Solver: glucose_2
% Input Instances for Training: 270 (-unsolvable)
% Used Instances for Training: 270 (-unsolvable)
% Train with RANDOMFOREST-CLASSVOTER
% PAR10 on current test set: 13774.93 (30 instances)
% >>> 10-th iteration<<<
('sr: ', array([ 847.64782841,  191.47345724,  130.04051009,  125.1861245 ,
         90.03246621,   83.33196438,   75.32466893]), ' - svd_k: ', 7)

opt_portfolio:  [0 0 0 0 0 0 0 0 0 0 0 0 0 0 0 0 0 0]
opt_portfolio v2:  set([0, 1, 2, 3, 4, 5, 6, 7, 8, 9, 10, 11, 12, 13, 14, 15, 16, 17])
('top_ft_inx_arr: ', array([ 1,  3,  4,  5,  6,  7,  8, 11, 13, 15, 16, 19, 21, 23, 24, 26, 27,
       29, 33, 35, 36, 37, 39, 46, 47]))
ft_imp_total =  1.0
top_ft_inx_arr:  [ 1  3  4  5  6  7  8 11 13 15 16 19 21 23 24 26 27 29 33 35 36 37 39 46 47]
(25 out of 50) Features to keep are determined: 1, 3, 4, 5, 6, 7, 8, 11, 13, 15, 16, 19, 21, 23, 24, 26, 27, 29, 33, 35, 36, 37, 39, 46, 47
('No algorithm subset selection, just get the optimal portfolio: ', '0, 1, 2, 3, 4, 5, 6, 7, 8, 9, 10, 11, 12, 13, 14, 15, 16, 17')
(18 out of 18) Algorithms/solvers to keep are determined: 0, 1, 2, 3, 4, 5, 6, 7, 8, 9, 10, 11, 12, 13, 14, 15, 16, 17
('inst_per_cls : ', array([   0.,    1.,    2.,    3.,    4.,    5.,    6.,    7.,    8.,
          9.,   10.,   11.,   12.,   13.,   14.,   15.,   16.,   17.,
         18.,   19.,   20.,   21.,   22.,   23.,   24.,   25.,   26.,
         27.,   28.,   29.,   30.,   31.,   32.,   33.,   34.,   35.,
         36.,   37.,   38.,   39.,   40.,   41.,   42.,   43.,   44.,
         45.,   46.,   47.,   48.,   49.,   50.,   51.,   52.,   53.,
         54.,   55.,   56.,   57.,   58.,   59.,   60.,   61.,   62.,
         63.,   64.,   65.,   66.,   67.,   68.,   69.,   70.,   71.,
         72.,   73.,   74.,   75.,   76.,   77.,   78.,   79.,   80.,
         81.,   82.,   83.,   84.,   85.,   86.,   87.,   88.,   89.,
         90.,   91.,   92.,   93.,   94.,   95.,   96.,   97.,   98.,
         99.,  100.,  101.,  102.,  103.,  104.,  105.,  106.,  107.,
        108.,  109.,  110.,  111.,  112.,  113.,  114.,  115.,  116.,
        117.,  118.,  119.,  120.,  121.,  122.,  123.,  124.,  125.,
        126.,  127.,  128.,  129.,  130.,  131.,  132.,  133.,  134.,
        135.,  136.,  137.,  138.,  139.,  140.,  141.,  142.,  143.,
        144.,  145.,  146.,  147.,  148.,  149.,  150.,  151.,  152.,
        153.,  154.,  155.,  156.,  157.,  158.,  159.,  160.,  161.,
        162.,  163.,  164.,  165.,  166.,  167.,  168.,  169.,  170.,
        171.,  172.,  173.,  174.,  175.,  176.,  177.,  178.,  179.,
        180.,  181.,  182.,  183.,  184.,  185.,  186.,  187.,  188.,
        189.,  190.,  191.,  192.,  193.,  194.,  195.,  196.,  197.,
        198.,  199.,  200.,  201.,  202.,  203.,  204.,  205.,  206.,
        207.,  208.,  209.,  210.,  211.,  212.,  213.,  214.,  215.,
        216.,  217.,  218.,  219.,  220.,  221.,  222.,  223.,  224.,
        225.,  226.,  227.,  228.,  229.,  230.,  231.,  232.,  233.,
        234.,  235.,  236.,  237.,  238.,  239.,  240.,  241.,  242.,
        243.,  244.,  245.,  246.,  247.,  248.,  249.,  250.,  251.,
        252.,  253.,  254.,  255.,  256.,  257.,  258.,  259.,  260.,
        261.,  262.,  263.,  264.,  265.,  266.,  267.,  268.,  269.]))
(270 out of 270) Instances to keep are determined: 0.0, 1.0, 2.0, 3.0, 4.0, 5.0, 6.0, 7.0, 8.0, 9.0, 10.0, 11.0, 12.0, 13.0, 14.0, 15.0, 16.0, 17.0, 18.0, 19.0, 20.0, 21.0, 22.0, 23.0, 24.0, 25.0, 26.0, 27.0, 28.0, 29.0, 30.0, 31.0, 32.0, 33.0, 34.0, 35.0, 36.0, 37.0, 38.0, 39.0, 40.0, 41.0, 42.0, 43.0, 44.0, 45.0, 46.0, 47.0, 48.0, 49.0, 50.0, 51.0, 52.0, 53.0, 54.0, 55.0, 56.0, 57.0, 58.0, 59.0, 60.0, 61.0, 62.0, 63.0, 64.0, 65.0, 66.0, 67.0, 68.0, 69.0, 70.0, 71.0, 72.0, 73.0, 74.0, 75.0, 76.0, 77.0, 78.0, 79.0, 80.0, 81.0, 82.0, 83.0, 84.0, 85.0, 86.0, 87.0, 88.0, 89.0, 90.0, 91.0, 92.0, 93.0, 94.0, 95.0, 96.0, 97.0, 98.0, 99.0, 100.0, 101.0, 102.0, 103.0, 104.0, 105.0, 106.0, 107.0, 108.0, 109.0, 110.0, 111.0, 112.0, 113.0, 114.0, 115.0, 116.0, 117.0, 118.0, 119.0, 120.0, 121.0, 122.0, 123.0, 124.0, 125.0, 126.0, 127.0, 128.0, 129.0, 130.0, 131.0, 132.0, 133.0, 134.0, 135.0, 136.0, 137.0, 138.0, 139.0, 140.0, 141.0, 142.0, 143.0, 144.0, 145.0, 146.0, 147.0, 148.0, 149.0, 150.0, 151.0, 152.0, 153.0, 154.0, 155.0, 156.0, 157.0, 158.0, 159.0, 160.0, 161.0, 162.0, 163.0, 164.0, 165.0, 166.0, 167.0, 168.0, 169.0, 170.0, 171.0, 172.0, 173.0, 174.0, 175.0, 176.0, 177.0, 178.0, 179.0, 180.0, 181.0, 182.0, 183.0, 184.0, 185.0, 186.0, 187.0, 188.0, 189.0, 190.0, 191.0, 192.0, 193.0, 194.0, 195.0, 196.0, 197.0, 198.0, 199.0, 200.0, 201.0, 202.0, 203.0, 204.0, 205.0, 206.0, 207.0, 208.0, 209.0, 210.0, 211.0, 212.0, 213.0, 214.0, 215.0, 216.0, 217.0, 218.0, 219.0, 220.0, 221.0, 222.0, 223.0, 224.0, 225.0, 226.0, 227.0, 228.0, 229.0, 230.0, 231.0, 232.0, 233.0, 234.0, 235.0, 236.0, 237.0, 238.0, 239.0, 240.0, 241.0, 242.0, 243.0, 244.0, 245.0, 246.0, 247.0, 248.0, 249.0, 250.0, 251.0, 252.0, 253.0, 254.0, 255.0, 256.0, 257.0, 258.0, 259.0, 260.0, 261.0, 262.0, 263.0, 264.0, 265.0, 266.0, 267.0, 268.0, 269.0
% Backup Solver: glucose_2
% Input Instances for Training: 270 (-unsolvable)
% Used Instances for Training: 270 (-unsolvable)
% Train with RANDOMFOREST-CLASSVOTER
% PAR10 on current test set: 13709.63 (30 instances)
% 
%  >>> Instances: 300 <<<
%  >>> Oracle Evaluation (w/o unsolved) <<<
% 
% Unsolved (not by any algorithm and not by feature computation): 47
% PAR1 time: 1137.674485 (420.167373)
% Par10 time: 8187.517818 (419.981603)
% #TOs: 47 (0)
% 
%  >>> Cross Fold Evaluation <<<
% 
% Presolved: 10
% >>>With Unsolvable Instances
% Timeouts per #Thread: {1: 71, 2: 61, 3: 58, 4: 54, 5: 53, 6: 50, 7: 48, 8: 48, 9: 48, 10: 48, 11: 48, 12: 48, 13: 48, 14: 47, 15: 47, 16: 47, 17: 47, 18: 47}
% Solved (perc) per #Thread: {1: 0.7633333333333333, 2: 0.7966666666666666, 3: 0.8066666666666666, 4: 0.8200000000000001, 5: 0.8233333333333334, 6: 0.8333333333333334, 7: 0.84, 8: 0.84, 9: 0.84, 10: 0.84, 11: 0.84, 12: 0.84, 13: 0.84, 14: 0.8433333333333333, 15: 0.8433333333333333, 16: 0.8433333333333333, 17: 0.8433333333333333, 18: 0.8433333333333333}
% AVG per #Thread: {1: 1660.7685437833316, 2: 1496.1558919666677, 3: 1436.3337165333378, 4: 1388.1087993733368, 5: 1359.3322728800028, 6: 1321.8864994766673, 7: 1302.07596785333, 8: 1287.208623649998, 9: 1274.9649988199972, 10: 1271.0880471733306, 11: 1258.987699613332, 12: 1257.7182579399987, 13: 1255.9468986066663, 14: 1236.4942547799974, 15: 1236.2211736299982, 16: 1232.7504421733304, 17: 1232.70982487333, 18: 1225.7568748699966}
% PAR10 per #Thread: {1: 12310.768543783332, 2: 10646.155891966668, 3: 10136.333716533338, 4: 9488.108799373336, 5: 9309.332272880003, 6: 8821.886499476666, 7: 8502.07596785333, 8: 8487.208623649998, 9: 8474.964998819998, 10: 8471.08804717333, 11: 8458.987699613332, 12: 8457.718257939998, 13: 8455.946898606666, 14: 8286.494254779996, 15: 8286.221173629998, 16: 8282.75044217333, 17: 8282.709824873331, 18: 8275.756874869996}
% >>>Without Unsolved Instances (depends on pre-solved in feature groups)
% Timeouts: {1: 24, 2: 14, 3: 11, 4: 7, 5: 6, 6: 3, 7: 1, 8: 1, 9: 1, 10: 1, 11: 1, 12: 1, 13: 1, 14: 0, 15: 0, 16: 0, 17: 0, 18: 0}
% Solved (perc): {1: 0.9051383399209486, 2: 0.9446640316205533, 3: 0.9565217391304348, 4: 0.9723320158102768, 5: 0.9762845849802372, 6: 0.9881422924901185, 7: 0.9960474308300395, 8: 0.9960474308300395, 9: 0.9960474308300395, 10: 0.9960474308300395, 11: 0.9960474308300395, 12: 0.9960474308300395, 13: 0.9960474308300395, 14: 0.9999999999999999, 15: 0.9999999999999999, 16: 0.9999999999999999, 17: 0.9999999999999999, 18: 0.9999999999999999}
% PAR1: {1: 1040.437008438733, 2: 845.2441406719379, 3: 774.3087547826138, 4: 717.1250585454586, 5: 683.0026951146278, 6: 638.6005922648227, 7: 615.1098433043439, 8: 597.4805814031596, 9: 582.9624491936726, 10: 578.36527332806, 11: 564.0170351146231, 12: 562.5117683082989, 13: 560.4113422213435, 14: 537.3449661422895, 15: 537.0211545019741, 16: 532.905662656123, 17: 532.8574998497985, 18: 524.6128951027629}
% PAR10: {1: 5309.211711996046, 2: 3335.3627177470366, 3: 2730.8304939130485, 4: 1962.184347083008, 5: 1750.1963710039558, 6: 1172.197430209485, 7: 792.9754559525653, 8: 775.346194051381, 9: 760.8280618418958, 10: 756.2308859762813, 11: 741.8826477628444, 12: 740.3773809565183, 13: 738.2769548695649, 14: 537.3449661422874, 15: 537.0211545019741, 16: 532.905662656123, 17: 532.8574998498003, 18: 524.6128951027629}
% 
% Time used by each solver: {'minisathackLR_GL_SHR_2011-03-02': 10224.228920000001, 'rcl_2011-04-01': 0, 'minisathackcontrasat_2011-03-02': 59002.89801600001, 'SAT09referencesolverglucose_1.0': 3916.94, 'minisathackminisat_psm_2011-04-01': 12772.277999999998, 'MPhaseSAT64_2011-05-14_fixed_': 31819.637499999997, 'EBGlucose_1.0': 8571.73237, 'minisathackMiniSAT_2.2.0-agile-26': 6082.519997, 'CryptoMiniSat_Strange-Night2-st_fixed_': 38082.06220100001, 'minisathackcir_minisat_2011-05-13_simp_': 9999.43, 'QuteRSat_2011-05-12_fixed_': 95662.37808499997, 'SAT09referencesolverprecosat_236': 29826.793270000002, 'Lingeling_587f_fixed_': 30757.0807, 'RestartSAT_B95': 12022.45626, 'minisathackreferenceminisat_2.2.0': 19887.949429999997, 'minisathackEBMiniSAT_2011-03-02': 7253.320299999999, 'glucose_2': 66775.31335999999, 'glueminisat_2.2.5': 26293.074726}
% Optimal Time used by each solver: {'minisathackLR_GL_SHR_2011-03-02': 241445.91419599997, 'rcl_2011-04-01': 999.5696999999999, 'minisathackcontrasat_2011-03-02': 748.676488, 'SAT09referencesolverglucose_1.0': 1761.96, 'minisathackminisat_psm_2011-04-01': 1175.1730499999999, 'MPhaseSAT64_2011-05-14_fixed_': 18139.24949, 'EBGlucose_1.0': 3012.9838, 'minisathackMiniSAT_2.2.0-agile-26': 1611.924971, 'CryptoMiniSat_Strange-Night2-st_fixed_': 7449.210459999999, 'minisathackcir_minisat_2011-05-13_simp_': 794.152497, 'QuteRSat_2011-05-12_fixed_': 20680.214415, 'SAT09referencesolverprecosat_236': 4432.881372, 'Lingeling_587f_fixed_': 10308.949500000002, 'RestartSAT_B95': 9362.944313999998, 'minisathackreferenceminisat_2.2.0': 3026.339996, 'minisathackEBMiniSAT_2011-03-02': 181.82723800000002, 'glucose_2': 9830.662042, 'glueminisat_2.2.5': 6339.7119330000005}
