Started solving  /home/misir/Desktop/aslib_data-aslib-v1.1/SAT11-INDU
% Command line arguments:
% --aslib-dir /home/misir/Desktop/aslib_data-aslib-v1.1/SAT11-INDU --model-dir MODEL_DIR --print-times /home/misir/Desktop/liclipse/Workspace/flexfolio-data_filtering-v3/output/res-18062015164945719366-SAT11-INDU.csv
% Read /home/misir/Desktop/aslib_data-aslib-v1.1/SAT11-INDU/description.txt
% Read /home/misir/Desktop/aslib_data-aslib-v1.1/SAT11-INDU/algorithm_runs.arff
% Read /home/misir/Desktop/aslib_data-aslib-v1.1/SAT11-INDU/feature_values.arff
% Read /home/misir/Desktop/aslib_data-aslib-v1.1/SAT11-INDU/feature_runstatus.arff
% Read /home/misir/Desktop/aslib_data-aslib-v1.1/SAT11-INDU/ground_truth.arff
% Read /home/misir/Desktop/aslib_data-aslib-v1.1/SAT11-INDU/feature_costs.arff
% Read /home/misir/Desktop/aslib_data-aslib-v1.1/SAT11-INDU/cv.arff
% 1-th repetition: 30,30,30,30,30,30,30,30,30,30 distribution
% Used Feature Steps: Pre,Basic,KLB,CG
% Used features: CG_mean,BINARYp,reducedVars,VG_mean,VCG_VAR_mean,VG_min,VCG_VAR_coeff_variation,nvarsOrig,CG_coeff_variation,VG_max,CG_max,POSNEG_RATIO_CLAUSE_max,horn_clauses_fraction,nclauses,vars_clauses_ratio,CG_entropy,UNARY,cluster_coeff_mean,VCG_CLAUSE_coeff_variation,POSNEG_RATIO_VAR_max,VCG_VAR_max,POSNEG_RATIO_VAR_entropy,TRINARYp,POSNEG_RATIO_VAR_min,HORNY_VAR_max,VCG_CLAUSE_mean,VCG_CLAUSE_min,cluster_coeff_entropy,POSNEG_RATIO_CLAUSE_min,HORNY_VAR_coeff_variation,VCG_VAR_min,nvars,nclausesOrig,POSNEG_RATIO_CLAUSE_mean,CG_min,VG_coeff_variation,POSNEG_RATIO_VAR_mean,cluster_coeff_coeff_variation,POSNEG_RATIO_CLAUSE_coeff_variation,VCG_CLAUSE_entropy,VCG_VAR_entropy,cluster_coeff_min,POSNEG_RATIO_VAR_stdev,HORNY_VAR_entropy,cluster_coeff_max,HORNY_VAR_mean,VCG_CLAUSE_max,HORNY_VAR_min,POSNEG_RATIO_CLAUSE_entropy,reducedClauses
% 
% Check Consistency and Completeness of input data
% Instances: 		 300
% Algorithms: 		 18
% Incomplete Feature Vector: 	 0 (maybe imputed)
% Unsolvable Instances (status): 	 47
% Unsolvable Instances (runtime): 	 47
% Valid Instances: 	 253
% Presolved: 		 10
% Average Feature Costs: 	 135.3471
% Use given CV of 1-th repetition
% >>> 1-th iteration<<<
('sr: ', array([ 13587.38949461,   3828.13701304,   2657.59135851,   2400.87580824,
         1838.86424057,   1763.10267365,   1492.70624595]), ' - svd_k: ', 7)

opt_portfolio:  [0 0 0 0 0 0 0 0 0 0 0 0 0 0 0 0 0 0]
opt_portfolio v2:  set([0, 1, 2, 3, 4, 5, 6, 7, 8, 9, 10, 11, 12, 13, 14, 15, 16, 17])
('top_ft_inx_arr: ', array([ 1,  4,  5,  6,  7,  8, 13, 15, 16, 19, 21, 23, 24, 25, 27, 29, 33,
       34, 35, 36, 37, 39, 41, 44, 46]))
ft_imp_total =  1.0
ft cv scores:  [-0.02752294  0.12246693  0.06753969  0.14351013  0.11358327  0.28121627
  0.07481105  0.19356503  0.21208974  0.06716875]
top_ft_inx_arr:  [ 1  4  5  6  7  8 13 15 16 19 21 23 24 25 27 29 33 34 35 36 37 39 41 44 46]
(25 out of 50) Features to keep are determined: 1, 4, 5, 6, 7, 8, 13, 15, 16, 19, 21, 23, 24, 25, 27, 29, 33, 34, 35, 36, 37, 39, 41, 44, 46
('No algorithm subset selection, just get the optimal portfolio: ', '0, 1, 2, 3, 4, 5, 6, 7, 8, 9, 10, 11, 12, 13, 14, 15, 16, 17')
(18 out of 18) Algorithms/solvers to keep are determined: 0, 1, 2, 3, 4, 5, 6, 7, 8, 9, 10, 11, 12, 13, 14, 15, 16, 17
('inst_per_cls : ', array([   0.,    1.,    2.,    3.,    4.,    5.,    6.,    7.,    8.,
          9.,   10.,   11.,   12.,   13.,   14.,   15.,   16.,   17.,
         18.,   19.,   20.,   21.,   22.,   23.,   24.,   25.,   26.,
         27.,   28.,   29.,   30.,   31.,   32.,   33.,   34.,   35.,
         36.,   37.,   38.,   39.,   40.,   41.,   42.,   43.,   44.,
         45.,   46.,   47.,   48.,   49.,   50.,   51.,   52.,   53.,
         54.,   55.,   56.,   57.,   58.,   59.,   60.,   61.,   62.,
         63.,   64.,   65.,   66.,   67.,   68.,   69.,   70.,   71.,
         72.,   73.,   74.,   75.,   76.,   77.,   78.,   79.,   80.,
         81.,   82.,   83.,   84.,   85.,   86.,   87.,   88.,   89.,
         90.,   91.,   92.,   93.,   94.,   95.,   96.,   97.,   98.,
         99.,  100.,  101.,  102.,  103.,  104.,  105.,  106.,  107.,
        108.,  109.,  110.,  111.,  112.,  113.,  114.,  115.,  116.,
        117.,  118.,  119.,  120.,  121.,  122.,  123.,  124.,  125.,
        126.,  127.,  128.,  129.,  130.,  131.,  132.,  133.,  134.,
        135.,  136.,  137.,  138.,  139.,  140.,  141.,  142.,  143.,
        144.,  145.,  146.,  147.,  148.,  149.,  150.,  151.,  152.,
        153.,  154.,  155.,  156.,  157.,  158.,  159.,  160.,  161.,
        162.,  163.,  164.,  165.,  166.,  167.,  168.,  169.,  170.,
        171.,  172.,  173.,  174.,  175.,  176.,  177.,  178.,  179.,
        180.,  181.,  182.,  183.,  184.,  185.,  186.,  187.,  188.,
        189.,  190.,  191.,  192.,  193.,  194.,  195.,  196.,  197.,
        198.,  199.,  200.,  201.,  202.,  203.,  204.,  205.,  206.,
        207.,  208.,  209.,  210.,  211.,  212.,  213.,  214.,  215.,
        216.,  217.,  218.,  219.,  220.,  221.,  222.,  223.,  224.,
        225.,  226.,  227.,  228.,  229.,  230.,  231.,  232.,  233.,
        234.,  235.,  236.,  237.,  238.,  239.,  240.,  241.,  242.,
        243.,  244.,  245.,  246.,  247.,  248.,  249.,  250.,  251.,
        252.,  253.,  254.,  255.,  256.,  257.,  258.,  259.,  260.,
        261.,  262.,  263.,  264.,  265.,  266.,  267.,  268.,  269.]))
(270 out of 270) Instances to keep are determined: 0.0, 1.0, 2.0, 3.0, 4.0, 5.0, 6.0, 7.0, 8.0, 9.0, 10.0, 11.0, 12.0, 13.0, 14.0, 15.0, 16.0, 17.0, 18.0, 19.0, 20.0, 21.0, 22.0, 23.0, 24.0, 25.0, 26.0, 27.0, 28.0, 29.0, 30.0, 31.0, 32.0, 33.0, 34.0, 35.0, 36.0, 37.0, 38.0, 39.0, 40.0, 41.0, 42.0, 43.0, 44.0, 45.0, 46.0, 47.0, 48.0, 49.0, 50.0, 51.0, 52.0, 53.0, 54.0, 55.0, 56.0, 57.0, 58.0, 59.0, 60.0, 61.0, 62.0, 63.0, 64.0, 65.0, 66.0, 67.0, 68.0, 69.0, 70.0, 71.0, 72.0, 73.0, 74.0, 75.0, 76.0, 77.0, 78.0, 79.0, 80.0, 81.0, 82.0, 83.0, 84.0, 85.0, 86.0, 87.0, 88.0, 89.0, 90.0, 91.0, 92.0, 93.0, 94.0, 95.0, 96.0, 97.0, 98.0, 99.0, 100.0, 101.0, 102.0, 103.0, 104.0, 105.0, 106.0, 107.0, 108.0, 109.0, 110.0, 111.0, 112.0, 113.0, 114.0, 115.0, 116.0, 117.0, 118.0, 119.0, 120.0, 121.0, 122.0, 123.0, 124.0, 125.0, 126.0, 127.0, 128.0, 129.0, 130.0, 131.0, 132.0, 133.0, 134.0, 135.0, 136.0, 137.0, 138.0, 139.0, 140.0, 141.0, 142.0, 143.0, 144.0, 145.0, 146.0, 147.0, 148.0, 149.0, 150.0, 151.0, 152.0, 153.0, 154.0, 155.0, 156.0, 157.0, 158.0, 159.0, 160.0, 161.0, 162.0, 163.0, 164.0, 165.0, 166.0, 167.0, 168.0, 169.0, 170.0, 171.0, 172.0, 173.0, 174.0, 175.0, 176.0, 177.0, 178.0, 179.0, 180.0, 181.0, 182.0, 183.0, 184.0, 185.0, 186.0, 187.0, 188.0, 189.0, 190.0, 191.0, 192.0, 193.0, 194.0, 195.0, 196.0, 197.0, 198.0, 199.0, 200.0, 201.0, 202.0, 203.0, 204.0, 205.0, 206.0, 207.0, 208.0, 209.0, 210.0, 211.0, 212.0, 213.0, 214.0, 215.0, 216.0, 217.0, 218.0, 219.0, 220.0, 221.0, 222.0, 223.0, 224.0, 225.0, 226.0, 227.0, 228.0, 229.0, 230.0, 231.0, 232.0, 233.0, 234.0, 235.0, 236.0, 237.0, 238.0, 239.0, 240.0, 241.0, 242.0, 243.0, 244.0, 245.0, 246.0, 247.0, 248.0, 249.0, 250.0, 251.0, 252.0, 253.0, 254.0, 255.0, 256.0, 257.0, 258.0, 259.0, 260.0, 261.0, 262.0, 263.0, 264.0, 265.0, 266.0, 267.0, 268.0, 269.0
% Backup Solver: glucose_2
% Input Instances for Training: 270 (-unsolvable)
% Used Instances for Training: 270 (-unsolvable)
% Train with RANDOMFOREST-CLASSVOTER
% PAR10 on current test set: 8842.14 (30 instances)
% >>> 2-th iteration<<<
('sr: ', array([ 13302.95538572,   3824.14643467,   2601.76586728,   2430.32781423,
         1893.67281144,   1798.1517991 ,   1527.36946395]), ' - svd_k: ', 7)

opt_portfolio:  [0 0 0 0 0 0 0 0 0 0 0 0 0 0 0 0 0 0]
opt_portfolio v2:  set([0, 1, 2, 3, 4, 5, 6, 7, 8, 9, 10, 11, 12, 13, 14, 15, 16, 17])
('top_ft_inx_arr: ', array([ 0,  4,  5,  7,  8, 11, 13, 14, 15, 16, 18, 19, 21, 23, 24, 26, 29,
       33, 35, 37, 39, 44, 46, 47, 48]))
ft_imp_total =  1.0
ft cv scores:  [ 0.20850225  0.29738902  0.11092585  0.13079361  0.24163316  0.11718601
  0.0748421   0.1717453   0.19742517  0.15706268]
top_ft_inx_arr:  [ 0  4  5  7  8 11 13 14 15 16 18 19 21 23 24 26 29 33 35 37 39 44 46 47 48]
(25 out of 50) Features to keep are determined: 0, 4, 5, 7, 8, 11, 13, 14, 15, 16, 18, 19, 21, 23, 24, 26, 29, 33, 35, 37, 39, 44, 46, 47, 48
('No algorithm subset selection, just get the optimal portfolio: ', '0, 1, 2, 3, 4, 5, 6, 7, 8, 9, 10, 11, 12, 13, 14, 15, 16, 17')
(18 out of 18) Algorithms/solvers to keep are determined: 0, 1, 2, 3, 4, 5, 6, 7, 8, 9, 10, 11, 12, 13, 14, 15, 16, 17
('inst_per_cls : ', array([   0.,    1.,    2.,    3.,    4.,    5.,    6.,    7.,    8.,
          9.,   10.,   11.,   12.,   13.,   14.,   15.,   16.,   17.,
         18.,   19.,   20.,   21.,   22.,   23.,   24.,   25.,   26.,
         27.,   28.,   29.,   30.,   31.,   32.,   33.,   34.,   35.,
         36.,   37.,   38.,   39.,   40.,   41.,   42.,   43.,   44.,
         45.,   46.,   47.,   48.,   49.,   50.,   51.,   52.,   53.,
         54.,   55.,   56.,   57.,   58.,   59.,   60.,   61.,   62.,
         63.,   64.,   65.,   66.,   67.,   68.,   69.,   70.,   71.,
         72.,   73.,   74.,   75.,   76.,   77.,   78.,   79.,   80.,
         81.,   82.,   83.,   84.,   85.,   86.,   87.,   88.,   89.,
         90.,   91.,   92.,   93.,   94.,   95.,   96.,   97.,   98.,
         99.,  100.,  101.,  102.,  103.,  104.,  105.,  106.,  107.,
        108.,  109.,  110.,  111.,  112.,  113.,  114.,  115.,  116.,
        117.,  118.,  119.,  120.,  121.,  122.,  123.,  124.,  125.,
        126.,  127.,  128.,  129.,  130.,  131.,  132.,  133.,  134.,
        135.,  136.,  137.,  138.,  139.,  140.,  141.,  142.,  143.,
        144.,  145.,  146.,  147.,  148.,  149.,  150.,  151.,  152.,
        153.,  154.,  155.,  156.,  157.,  158.,  159.,  160.,  161.,
        162.,  163.,  164.,  165.,  166.,  167.,  168.,  169.,  170.,
        171.,  172.,  173.,  174.,  175.,  176.,  177.,  178.,  179.,
        180.,  181.,  182.,  183.,  184.,  185.,  186.,  187.,  188.,
        189.,  190.,  191.,  192.,  193.,  194.,  195.,  196.,  197.,
        198.,  199.,  200.,  201.,  202.,  203.,  204.,  205.,  206.,
        207.,  208.,  209.,  210.,  211.,  212.,  213.,  214.,  215.,
        216.,  217.,  218.,  219.,  220.,  221.,  222.,  223.,  224.,
        225.,  226.,  227.,  228.,  229.,  230.,  231.,  232.,  233.,
        234.,  235.,  236.,  237.,  238.,  239.,  240.,  241.,  242.,
        243.,  244.,  245.,  246.,  247.,  248.,  249.,  250.,  251.,
        252.,  253.,  254.,  255.,  256.,  257.,  258.,  259.,  260.,
        261.,  262.,  263.,  264.,  265.,  266.,  267.,  268.,  269.]))
(270 out of 270) Instances to keep are determined: 0.0, 1.0, 2.0, 3.0, 4.0, 5.0, 6.0, 7.0, 8.0, 9.0, 10.0, 11.0, 12.0, 13.0, 14.0, 15.0, 16.0, 17.0, 18.0, 19.0, 20.0, 21.0, 22.0, 23.0, 24.0, 25.0, 26.0, 27.0, 28.0, 29.0, 30.0, 31.0, 32.0, 33.0, 34.0, 35.0, 36.0, 37.0, 38.0, 39.0, 40.0, 41.0, 42.0, 43.0, 44.0, 45.0, 46.0, 47.0, 48.0, 49.0, 50.0, 51.0, 52.0, 53.0, 54.0, 55.0, 56.0, 57.0, 58.0, 59.0, 60.0, 61.0, 62.0, 63.0, 64.0, 65.0, 66.0, 67.0, 68.0, 69.0, 70.0, 71.0, 72.0, 73.0, 74.0, 75.0, 76.0, 77.0, 78.0, 79.0, 80.0, 81.0, 82.0, 83.0, 84.0, 85.0, 86.0, 87.0, 88.0, 89.0, 90.0, 91.0, 92.0, 93.0, 94.0, 95.0, 96.0, 97.0, 98.0, 99.0, 100.0, 101.0, 102.0, 103.0, 104.0, 105.0, 106.0, 107.0, 108.0, 109.0, 110.0, 111.0, 112.0, 113.0, 114.0, 115.0, 116.0, 117.0, 118.0, 119.0, 120.0, 121.0, 122.0, 123.0, 124.0, 125.0, 126.0, 127.0, 128.0, 129.0, 130.0, 131.0, 132.0, 133.0, 134.0, 135.0, 136.0, 137.0, 138.0, 139.0, 140.0, 141.0, 142.0, 143.0, 144.0, 145.0, 146.0, 147.0, 148.0, 149.0, 150.0, 151.0, 152.0, 153.0, 154.0, 155.0, 156.0, 157.0, 158.0, 159.0, 160.0, 161.0, 162.0, 163.0, 164.0, 165.0, 166.0, 167.0, 168.0, 169.0, 170.0, 171.0, 172.0, 173.0, 174.0, 175.0, 176.0, 177.0, 178.0, 179.0, 180.0, 181.0, 182.0, 183.0, 184.0, 185.0, 186.0, 187.0, 188.0, 189.0, 190.0, 191.0, 192.0, 193.0, 194.0, 195.0, 196.0, 197.0, 198.0, 199.0, 200.0, 201.0, 202.0, 203.0, 204.0, 205.0, 206.0, 207.0, 208.0, 209.0, 210.0, 211.0, 212.0, 213.0, 214.0, 215.0, 216.0, 217.0, 218.0, 219.0, 220.0, 221.0, 222.0, 223.0, 224.0, 225.0, 226.0, 227.0, 228.0, 229.0, 230.0, 231.0, 232.0, 233.0, 234.0, 235.0, 236.0, 237.0, 238.0, 239.0, 240.0, 241.0, 242.0, 243.0, 244.0, 245.0, 246.0, 247.0, 248.0, 249.0, 250.0, 251.0, 252.0, 253.0, 254.0, 255.0, 256.0, 257.0, 258.0, 259.0, 260.0, 261.0, 262.0, 263.0, 264.0, 265.0, 266.0, 267.0, 268.0, 269.0
% Backup Solver: glucose_2
% Input Instances for Training: 270 (-unsolvable)
% Used Instances for Training: 270 (-unsolvable)
% Train with RANDOMFOREST-CLASSVOTER
% PAR10 on current test set: 17093.87 (30 instances)
% >>> 3-th iteration<<<
('sr: ', array([ 13424.47141694,   3804.76952762,   2691.94043442,   2409.87268376,
         1918.19243418,   1768.34830378,   1510.24782931]), ' - svd_k: ', 7)

opt_portfolio:  [0 0 0 0 0 0 0 0 0 0 0 0 0 0 0 0 0 0]
opt_portfolio v2:  set([0, 1, 2, 3, 4, 5, 6, 7, 8, 9, 10, 11, 12, 13, 14, 15, 16, 17])
('top_ft_inx_arr: ', array([ 0,  2,  4,  5,  6,  7,  8, 13, 14, 15, 18, 19, 21, 23, 24, 25, 26,
       29, 31, 34, 35, 37, 39, 46, 47]))
ft_imp_total =  1.0
ft cv scores:  [ 0.08871134  0.2271787   0.16373511  0.17840636  0.10789962  0.27628179
  0.15765181  0.20351878  0.24060507  0.14837008]
top_ft_inx_arr:  [ 0  2  4  5  6  7  8 13 14 15 18 19 21 23 24 25 26 29 31 34 35 37 39 46 47]
(25 out of 50) Features to keep are determined: 0, 2, 4, 5, 6, 7, 8, 13, 14, 15, 18, 19, 21, 23, 24, 25, 26, 29, 31, 34, 35, 37, 39, 46, 47
('No algorithm subset selection, just get the optimal portfolio: ', '0, 1, 2, 3, 4, 5, 6, 7, 8, 9, 10, 11, 12, 13, 14, 15, 16, 17')
(18 out of 18) Algorithms/solvers to keep are determined: 0, 1, 2, 3, 4, 5, 6, 7, 8, 9, 10, 11, 12, 13, 14, 15, 16, 17
('inst_per_cls : ', array([   0.,    1.,    2.,    3.,    4.,    5.,    6.,    7.,    8.,
          9.,   10.,   11.,   12.,   13.,   14.,   15.,   16.,   17.,
         18.,   19.,   20.,   21.,   22.,   23.,   24.,   25.,   26.,
         27.,   28.,   29.,   30.,   31.,   32.,   33.,   34.,   35.,
         36.,   37.,   38.,   39.,   40.,   41.,   42.,   43.,   44.,
         45.,   46.,   47.,   48.,   49.,   50.,   51.,   52.,   53.,
         54.,   55.,   56.,   57.,   58.,   59.,   60.,   61.,   62.,
         63.,   64.,   65.,   66.,   67.,   68.,   69.,   70.,   71.,
         72.,   73.,   74.,   75.,   76.,   77.,   78.,   79.,   80.,
         81.,   82.,   83.,   84.,   85.,   86.,   87.,   88.,   89.,
         90.,   91.,   92.,   93.,   94.,   95.,   96.,   97.,   98.,
         99.,  100.,  101.,  102.,  103.,  104.,  105.,  106.,  107.,
        108.,  109.,  110.,  111.,  112.,  113.,  114.,  115.,  116.,
        117.,  118.,  119.,  120.,  121.,  122.,  123.,  124.,  125.,
        126.,  127.,  128.,  129.,  130.,  131.,  132.,  133.,  134.,
        135.,  136.,  137.,  138.,  139.,  140.,  141.,  142.,  143.,
        144.,  145.,  146.,  147.,  148.,  149.,  150.,  151.,  152.,
        153.,  154.,  155.,  156.,  157.,  158.,  159.,  160.,  161.,
        162.,  163.,  164.,  165.,  166.,  167.,  168.,  169.,  170.,
        171.,  172.,  173.,  174.,  175.,  176.,  177.,  178.,  179.,
        180.,  181.,  182.,  183.,  184.,  185.,  186.,  187.,  188.,
        189.,  190.,  191.,  192.,  193.,  194.,  195.,  196.,  197.,
        198.,  199.,  200.,  201.,  202.,  203.,  204.,  205.,  206.,
        207.,  208.,  209.,  210.,  211.,  212.,  213.,  214.,  215.,
        216.,  217.,  218.,  219.,  220.,  221.,  222.,  223.,  224.,
        225.,  226.,  227.,  228.,  229.,  230.,  231.,  232.,  233.,
        234.,  235.,  236.,  237.,  238.,  239.,  240.,  241.,  242.,
        243.,  244.,  245.,  246.,  247.,  248.,  249.,  250.,  251.,
        252.,  253.,  254.,  255.,  256.,  257.,  258.,  259.,  260.,
        261.,  262.,  263.,  264.,  265.,  266.,  267.,  268.,  269.]))
(270 out of 270) Instances to keep are determined: 0.0, 1.0, 2.0, 3.0, 4.0, 5.0, 6.0, 7.0, 8.0, 9.0, 10.0, 11.0, 12.0, 13.0, 14.0, 15.0, 16.0, 17.0, 18.0, 19.0, 20.0, 21.0, 22.0, 23.0, 24.0, 25.0, 26.0, 27.0, 28.0, 29.0, 30.0, 31.0, 32.0, 33.0, 34.0, 35.0, 36.0, 37.0, 38.0, 39.0, 40.0, 41.0, 42.0, 43.0, 44.0, 45.0, 46.0, 47.0, 48.0, 49.0, 50.0, 51.0, 52.0, 53.0, 54.0, 55.0, 56.0, 57.0, 58.0, 59.0, 60.0, 61.0, 62.0, 63.0, 64.0, 65.0, 66.0, 67.0, 68.0, 69.0, 70.0, 71.0, 72.0, 73.0, 74.0, 75.0, 76.0, 77.0, 78.0, 79.0, 80.0, 81.0, 82.0, 83.0, 84.0, 85.0, 86.0, 87.0, 88.0, 89.0, 90.0, 91.0, 92.0, 93.0, 94.0, 95.0, 96.0, 97.0, 98.0, 99.0, 100.0, 101.0, 102.0, 103.0, 104.0, 105.0, 106.0, 107.0, 108.0, 109.0, 110.0, 111.0, 112.0, 113.0, 114.0, 115.0, 116.0, 117.0, 118.0, 119.0, 120.0, 121.0, 122.0, 123.0, 124.0, 125.0, 126.0, 127.0, 128.0, 129.0, 130.0, 131.0, 132.0, 133.0, 134.0, 135.0, 136.0, 137.0, 138.0, 139.0, 140.0, 141.0, 142.0, 143.0, 144.0, 145.0, 146.0, 147.0, 148.0, 149.0, 150.0, 151.0, 152.0, 153.0, 154.0, 155.0, 156.0, 157.0, 158.0, 159.0, 160.0, 161.0, 162.0, 163.0, 164.0, 165.0, 166.0, 167.0, 168.0, 169.0, 170.0, 171.0, 172.0, 173.0, 174.0, 175.0, 176.0, 177.0, 178.0, 179.0, 180.0, 181.0, 182.0, 183.0, 184.0, 185.0, 186.0, 187.0, 188.0, 189.0, 190.0, 191.0, 192.0, 193.0, 194.0, 195.0, 196.0, 197.0, 198.0, 199.0, 200.0, 201.0, 202.0, 203.0, 204.0, 205.0, 206.0, 207.0, 208.0, 209.0, 210.0, 211.0, 212.0, 213.0, 214.0, 215.0, 216.0, 217.0, 218.0, 219.0, 220.0, 221.0, 222.0, 223.0, 224.0, 225.0, 226.0, 227.0, 228.0, 229.0, 230.0, 231.0, 232.0, 233.0, 234.0, 235.0, 236.0, 237.0, 238.0, 239.0, 240.0, 241.0, 242.0, 243.0, 244.0, 245.0, 246.0, 247.0, 248.0, 249.0, 250.0, 251.0, 252.0, 253.0, 254.0, 255.0, 256.0, 257.0, 258.0, 259.0, 260.0, 261.0, 262.0, 263.0, 264.0, 265.0, 266.0, 267.0, 268.0, 269.0
% Backup Solver: glucose_2
% Input Instances for Training: 270 (-unsolvable)
% Used Instances for Training: 270 (-unsolvable)
% Train with RANDOMFOREST-CLASSVOTER
% PAR10 on current test set: 15426.73 (30 instances)
% >>> 4-th iteration<<<
('sr: ', array([ 13459.86080338,   3793.28257853,   2650.80889816,   2428.37186476,
         1916.09889279,   1756.28564438,   1497.91453252]), ' - svd_k: ', 7)

opt_portfolio:  [0 0 0 0 0 0 0 0 0 0 0 0 0 0 0 0 0 0]
opt_portfolio v2:  set([0, 1, 2, 3, 4, 5, 6, 7, 8, 9, 10, 11, 12, 13, 14, 15, 16, 17])
('top_ft_inx_arr: ', array([ 2,  3,  4,  5,  6,  7,  8, 11, 15, 16, 18, 19, 24, 26, 29, 33, 34,
       35, 36, 37, 39, 41, 43, 46, 47]))
ft_imp_total =  1.0
ft cv scores:  [ 0.11350022  0.26849714  0.06501109  0.28116887  0.12900984  0.09523423
  0.09598062  0.18969574  0.20817304  0.1301219 ]
top_ft_inx_arr:  [ 2  3  4  5  6  7  8 11 15 16 18 19 24 26 29 33 34 35 36 37 39 41 43 46 47]
(25 out of 50) Features to keep are determined: 2, 3, 4, 5, 6, 7, 8, 11, 15, 16, 18, 19, 24, 26, 29, 33, 34, 35, 36, 37, 39, 41, 43, 46, 47
('No algorithm subset selection, just get the optimal portfolio: ', '0, 1, 2, 3, 4, 5, 6, 7, 8, 9, 10, 11, 12, 13, 14, 15, 16, 17')
(18 out of 18) Algorithms/solvers to keep are determined: 0, 1, 2, 3, 4, 5, 6, 7, 8, 9, 10, 11, 12, 13, 14, 15, 16, 17
('inst_per_cls : ', array([   0.,    1.,    2.,    3.,    4.,    5.,    6.,    7.,    8.,
          9.,   10.,   11.,   12.,   13.,   14.,   15.,   16.,   17.,
         18.,   19.,   20.,   21.,   22.,   23.,   24.,   25.,   26.,
         27.,   28.,   29.,   30.,   31.,   32.,   33.,   34.,   35.,
         36.,   37.,   38.,   39.,   40.,   41.,   42.,   43.,   44.,
         45.,   46.,   47.,   48.,   49.,   50.,   51.,   52.,   53.,
         54.,   55.,   56.,   57.,   58.,   59.,   60.,   61.,   62.,
         63.,   64.,   65.,   66.,   67.,   68.,   69.,   70.,   71.,
         72.,   73.,   74.,   75.,   76.,   77.,   78.,   79.,   80.,
         81.,   82.,   83.,   84.,   85.,   86.,   87.,   88.,   89.,
         90.,   91.,   92.,   93.,   94.,   95.,   96.,   97.,   98.,
         99.,  100.,  101.,  102.,  103.,  104.,  105.,  106.,  107.,
        108.,  109.,  110.,  111.,  112.,  113.,  114.,  115.,  116.,
        117.,  118.,  119.,  120.,  121.,  122.,  123.,  124.,  125.,
        126.,  127.,  128.,  129.,  130.,  131.,  132.,  133.,  134.,
        135.,  136.,  137.,  138.,  139.,  140.,  141.,  142.,  143.,
        144.,  145.,  146.,  147.,  148.,  149.,  150.,  151.,  152.,
        153.,  154.,  155.,  156.,  157.,  158.,  159.,  160.,  161.,
        162.,  163.,  164.,  165.,  166.,  167.,  168.,  169.,  170.,
        171.,  172.,  173.,  174.,  175.,  176.,  177.,  178.,  179.,
        180.,  181.,  182.,  183.,  184.,  185.,  186.,  187.,  188.,
        189.,  190.,  191.,  192.,  193.,  194.,  195.,  196.,  197.,
        198.,  199.,  200.,  201.,  202.,  203.,  204.,  205.,  206.,
        207.,  208.,  209.,  210.,  211.,  212.,  213.,  214.,  215.,
        216.,  217.,  218.,  219.,  220.,  221.,  222.,  223.,  224.,
        225.,  226.,  227.,  228.,  229.,  230.,  231.,  232.,  233.,
        234.,  235.,  236.,  237.,  238.,  239.,  240.,  241.,  242.,
        243.,  244.,  245.,  246.,  247.,  248.,  249.,  250.,  251.,
        252.,  253.,  254.,  255.,  256.,  257.,  258.,  259.,  260.,
        261.,  262.,  263.,  264.,  265.,  266.,  267.,  268.,  269.]))
(270 out of 270) Instances to keep are determined: 0.0, 1.0, 2.0, 3.0, 4.0, 5.0, 6.0, 7.0, 8.0, 9.0, 10.0, 11.0, 12.0, 13.0, 14.0, 15.0, 16.0, 17.0, 18.0, 19.0, 20.0, 21.0, 22.0, 23.0, 24.0, 25.0, 26.0, 27.0, 28.0, 29.0, 30.0, 31.0, 32.0, 33.0, 34.0, 35.0, 36.0, 37.0, 38.0, 39.0, 40.0, 41.0, 42.0, 43.0, 44.0, 45.0, 46.0, 47.0, 48.0, 49.0, 50.0, 51.0, 52.0, 53.0, 54.0, 55.0, 56.0, 57.0, 58.0, 59.0, 60.0, 61.0, 62.0, 63.0, 64.0, 65.0, 66.0, 67.0, 68.0, 69.0, 70.0, 71.0, 72.0, 73.0, 74.0, 75.0, 76.0, 77.0, 78.0, 79.0, 80.0, 81.0, 82.0, 83.0, 84.0, 85.0, 86.0, 87.0, 88.0, 89.0, 90.0, 91.0, 92.0, 93.0, 94.0, 95.0, 96.0, 97.0, 98.0, 99.0, 100.0, 101.0, 102.0, 103.0, 104.0, 105.0, 106.0, 107.0, 108.0, 109.0, 110.0, 111.0, 112.0, 113.0, 114.0, 115.0, 116.0, 117.0, 118.0, 119.0, 120.0, 121.0, 122.0, 123.0, 124.0, 125.0, 126.0, 127.0, 128.0, 129.0, 130.0, 131.0, 132.0, 133.0, 134.0, 135.0, 136.0, 137.0, 138.0, 139.0, 140.0, 141.0, 142.0, 143.0, 144.0, 145.0, 146.0, 147.0, 148.0, 149.0, 150.0, 151.0, 152.0, 153.0, 154.0, 155.0, 156.0, 157.0, 158.0, 159.0, 160.0, 161.0, 162.0, 163.0, 164.0, 165.0, 166.0, 167.0, 168.0, 169.0, 170.0, 171.0, 172.0, 173.0, 174.0, 175.0, 176.0, 177.0, 178.0, 179.0, 180.0, 181.0, 182.0, 183.0, 184.0, 185.0, 186.0, 187.0, 188.0, 189.0, 190.0, 191.0, 192.0, 193.0, 194.0, 195.0, 196.0, 197.0, 198.0, 199.0, 200.0, 201.0, 202.0, 203.0, 204.0, 205.0, 206.0, 207.0, 208.0, 209.0, 210.0, 211.0, 212.0, 213.0, 214.0, 215.0, 216.0, 217.0, 218.0, 219.0, 220.0, 221.0, 222.0, 223.0, 224.0, 225.0, 226.0, 227.0, 228.0, 229.0, 230.0, 231.0, 232.0, 233.0, 234.0, 235.0, 236.0, 237.0, 238.0, 239.0, 240.0, 241.0, 242.0, 243.0, 244.0, 245.0, 246.0, 247.0, 248.0, 249.0, 250.0, 251.0, 252.0, 253.0, 254.0, 255.0, 256.0, 257.0, 258.0, 259.0, 260.0, 261.0, 262.0, 263.0, 264.0, 265.0, 266.0, 267.0, 268.0, 269.0
% Backup Solver: glucose_2
% Input Instances for Training: 270 (-unsolvable)
% Used Instances for Training: 270 (-unsolvable)
% Train with RANDOMFOREST-CLASSVOTER
% PAR10 on current test set: 8867.49 (30 instances)
% >>> 5-th iteration<<<
('sr: ', array([ 13418.42197425,   3831.67062419,   2593.04257374,   2445.5282297 ,
         1863.09185499,   1736.45874952,   1534.67790993]), ' - svd_k: ', 7)

opt_portfolio:  [0 0 0 0 0 0 0 0 0 0 0 0 0 0 0 0 0 0]
opt_portfolio v2:  set([0, 1, 2, 3, 4, 5, 6, 7, 8, 9, 10, 11, 12, 13, 14, 15, 16, 17])
('top_ft_inx_arr: ', array([ 0,  1,  3,  5,  6,  7,  8, 11, 15, 16, 18, 19, 21, 23, 24, 26, 29,
       31, 33, 35, 36, 37, 39, 46, 47]))
ft_imp_total =  1.0
ft cv scores:  [ 0.05689571  0.17682958  0.00999725  0.17421078  0.11426926  0.06666997
 -0.06006075  0.20263368  0.26762743  0.20844528]
top_ft_inx_arr:  [ 0  1  3  5  6  7  8 11 15 16 18 19 21 23 24 26 29 31 33 35 36 37 39 46 47]
(25 out of 50) Features to keep are determined: 0, 1, 3, 5, 6, 7, 8, 11, 15, 16, 18, 19, 21, 23, 24, 26, 29, 31, 33, 35, 36, 37, 39, 46, 47
('No algorithm subset selection, just get the optimal portfolio: ', '0, 1, 2, 3, 4, 5, 6, 7, 8, 9, 10, 11, 12, 13, 14, 15, 16, 17')
(18 out of 18) Algorithms/solvers to keep are determined: 0, 1, 2, 3, 4, 5, 6, 7, 8, 9, 10, 11, 12, 13, 14, 15, 16, 17
('inst_per_cls : ', array([   0.,    1.,    2.,    3.,    4.,    5.,    6.,    7.,    8.,
          9.,   10.,   11.,   12.,   13.,   14.,   15.,   16.,   17.,
         18.,   19.,   20.,   21.,   22.,   23.,   24.,   25.,   26.,
         27.,   28.,   29.,   30.,   31.,   32.,   33.,   34.,   35.,
         36.,   37.,   38.,   39.,   40.,   41.,   42.,   43.,   44.,
         45.,   46.,   47.,   48.,   49.,   50.,   51.,   52.,   53.,
         54.,   55.,   56.,   57.,   58.,   59.,   60.,   61.,   62.,
         63.,   64.,   65.,   66.,   67.,   68.,   69.,   70.,   71.,
         72.,   73.,   74.,   75.,   76.,   77.,   78.,   79.,   80.,
         81.,   82.,   83.,   84.,   85.,   86.,   87.,   88.,   89.,
         90.,   91.,   92.,   93.,   94.,   95.,   96.,   97.,   98.,
         99.,  100.,  101.,  102.,  103.,  104.,  105.,  106.,  107.,
        108.,  109.,  110.,  111.,  112.,  113.,  114.,  115.,  116.,
        117.,  118.,  119.,  120.,  121.,  122.,  123.,  124.,  125.,
        126.,  127.,  128.,  129.,  130.,  131.,  132.,  133.,  134.,
        135.,  136.,  137.,  138.,  139.,  140.,  141.,  142.,  143.,
        144.,  145.,  146.,  147.,  148.,  149.,  150.,  151.,  152.,
        153.,  154.,  155.,  156.,  157.,  158.,  159.,  160.,  161.,
        162.,  163.,  164.,  165.,  166.,  167.,  168.,  169.,  170.,
        171.,  172.,  173.,  174.,  175.,  176.,  177.,  178.,  179.,
        180.,  181.,  182.,  183.,  184.,  185.,  186.,  187.,  188.,
        189.,  190.,  191.,  192.,  193.,  194.,  195.,  196.,  197.,
        198.,  199.,  200.,  201.,  202.,  203.,  204.,  205.,  206.,
        207.,  208.,  209.,  210.,  211.,  212.,  213.,  214.,  215.,
        216.,  217.,  218.,  219.,  220.,  221.,  222.,  223.,  224.,
        225.,  226.,  227.,  228.,  229.,  230.,  231.,  232.,  233.,
        234.,  235.,  236.,  237.,  238.,  239.,  240.,  241.,  242.,
        243.,  244.,  245.,  246.,  247.,  248.,  249.,  250.,  251.,
        252.,  253.,  254.,  255.,  256.,  257.,  258.,  259.,  260.,
        261.,  262.,  263.,  264.,  265.,  266.,  267.,  268.,  269.]))
(270 out of 270) Instances to keep are determined: 0.0, 1.0, 2.0, 3.0, 4.0, 5.0, 6.0, 7.0, 8.0, 9.0, 10.0, 11.0, 12.0, 13.0, 14.0, 15.0, 16.0, 17.0, 18.0, 19.0, 20.0, 21.0, 22.0, 23.0, 24.0, 25.0, 26.0, 27.0, 28.0, 29.0, 30.0, 31.0, 32.0, 33.0, 34.0, 35.0, 36.0, 37.0, 38.0, 39.0, 40.0, 41.0, 42.0, 43.0, 44.0, 45.0, 46.0, 47.0, 48.0, 49.0, 50.0, 51.0, 52.0, 53.0, 54.0, 55.0, 56.0, 57.0, 58.0, 59.0, 60.0, 61.0, 62.0, 63.0, 64.0, 65.0, 66.0, 67.0, 68.0, 69.0, 70.0, 71.0, 72.0, 73.0, 74.0, 75.0, 76.0, 77.0, 78.0, 79.0, 80.0, 81.0, 82.0, 83.0, 84.0, 85.0, 86.0, 87.0, 88.0, 89.0, 90.0, 91.0, 92.0, 93.0, 94.0, 95.0, 96.0, 97.0, 98.0, 99.0, 100.0, 101.0, 102.0, 103.0, 104.0, 105.0, 106.0, 107.0, 108.0, 109.0, 110.0, 111.0, 112.0, 113.0, 114.0, 115.0, 116.0, 117.0, 118.0, 119.0, 120.0, 121.0, 122.0, 123.0, 124.0, 125.0, 126.0, 127.0, 128.0, 129.0, 130.0, 131.0, 132.0, 133.0, 134.0, 135.0, 136.0, 137.0, 138.0, 139.0, 140.0, 141.0, 142.0, 143.0, 144.0, 145.0, 146.0, 147.0, 148.0, 149.0, 150.0, 151.0, 152.0, 153.0, 154.0, 155.0, 156.0, 157.0, 158.0, 159.0, 160.0, 161.0, 162.0, 163.0, 164.0, 165.0, 166.0, 167.0, 168.0, 169.0, 170.0, 171.0, 172.0, 173.0, 174.0, 175.0, 176.0, 177.0, 178.0, 179.0, 180.0, 181.0, 182.0, 183.0, 184.0, 185.0, 186.0, 187.0, 188.0, 189.0, 190.0, 191.0, 192.0, 193.0, 194.0, 195.0, 196.0, 197.0, 198.0, 199.0, 200.0, 201.0, 202.0, 203.0, 204.0, 205.0, 206.0, 207.0, 208.0, 209.0, 210.0, 211.0, 212.0, 213.0, 214.0, 215.0, 216.0, 217.0, 218.0, 219.0, 220.0, 221.0, 222.0, 223.0, 224.0, 225.0, 226.0, 227.0, 228.0, 229.0, 230.0, 231.0, 232.0, 233.0, 234.0, 235.0, 236.0, 237.0, 238.0, 239.0, 240.0, 241.0, 242.0, 243.0, 244.0, 245.0, 246.0, 247.0, 248.0, 249.0, 250.0, 251.0, 252.0, 253.0, 254.0, 255.0, 256.0, 257.0, 258.0, 259.0, 260.0, 261.0, 262.0, 263.0, 264.0, 265.0, 266.0, 267.0, 268.0, 269.0
% Backup Solver: glucose_2
% Input Instances for Training: 270 (-unsolvable)
% Used Instances for Training: 270 (-unsolvable)
% Train with RANDOMFOREST-CLASSVOTER
% PAR10 on current test set: 12276.41 (30 instances)
% >>> 6-th iteration<<<
('sr: ', array([ 13435.27730836,   3770.8898537 ,   2671.24137184,   2426.11981793,
         1865.67658507,   1734.77958603,   1493.59982057]), ' - svd_k: ', 7)

opt_portfolio:  [0 0 0 0 0 0 0 0 0 0 0 0 0 0 0 0 0 0]
opt_portfolio v2:  set([0, 1, 2, 3, 4, 5, 6, 7, 8, 9, 10, 11, 12, 13, 14, 15, 16, 17])
('top_ft_inx_arr: ', array([ 1,  2,  4,  5,  6,  7,  8, 13, 15, 16, 18, 19, 21, 24, 25, 26, 29,
       35, 36, 37, 39, 41, 44, 46, 47]))
ft_imp_total =  1.0
ft cv scores:  [ 0.07069927  0.13068767  0.17251367  0.23082172  0.17187967  0.22475998
  0.19062122  0.1732194   0.14258833  0.02288435]
top_ft_inx_arr:  [ 1  2  4  5  6  7  8 13 15 16 18 19 21 24 25 26 29 35 36 37 39 41 44 46 47]
(25 out of 50) Features to keep are determined: 1, 2, 4, 5, 6, 7, 8, 13, 15, 16, 18, 19, 21, 24, 25, 26, 29, 35, 36, 37, 39, 41, 44, 46, 47
('No algorithm subset selection, just get the optimal portfolio: ', '0, 1, 2, 3, 4, 5, 6, 7, 8, 9, 10, 11, 12, 13, 14, 15, 16, 17')
(18 out of 18) Algorithms/solvers to keep are determined: 0, 1, 2, 3, 4, 5, 6, 7, 8, 9, 10, 11, 12, 13, 14, 15, 16, 17
('inst_per_cls : ', array([   0.,    1.,    2.,    3.,    4.,    5.,    6.,    7.,    8.,
          9.,   10.,   11.,   12.,   13.,   14.,   15.,   16.,   17.,
         18.,   19.,   20.,   21.,   22.,   23.,   24.,   25.,   26.,
         27.,   28.,   29.,   30.,   31.,   32.,   33.,   34.,   35.,
         36.,   37.,   38.,   39.,   40.,   41.,   42.,   43.,   44.,
         45.,   46.,   47.,   48.,   49.,   50.,   51.,   52.,   53.,
         54.,   55.,   56.,   57.,   58.,   59.,   60.,   61.,   62.,
         63.,   64.,   65.,   66.,   67.,   68.,   69.,   70.,   71.,
         72.,   73.,   74.,   75.,   76.,   77.,   78.,   79.,   80.,
         81.,   82.,   83.,   84.,   85.,   86.,   87.,   88.,   89.,
         90.,   91.,   92.,   93.,   94.,   95.,   96.,   97.,   98.,
         99.,  100.,  101.,  102.,  103.,  104.,  105.,  106.,  107.,
        108.,  109.,  110.,  111.,  112.,  113.,  114.,  115.,  116.,
        117.,  118.,  119.,  120.,  121.,  122.,  123.,  124.,  125.,
        126.,  127.,  128.,  129.,  130.,  131.,  132.,  133.,  134.,
        135.,  136.,  137.,  138.,  139.,  140.,  141.,  142.,  143.,
        144.,  145.,  146.,  147.,  148.,  149.,  150.,  151.,  152.,
        153.,  154.,  155.,  156.,  157.,  158.,  159.,  160.,  161.,
        162.,  163.,  164.,  165.,  166.,  167.,  168.,  169.,  170.,
        171.,  172.,  173.,  174.,  175.,  176.,  177.,  178.,  179.,
        180.,  181.,  182.,  183.,  184.,  185.,  186.,  187.,  188.,
        189.,  190.,  191.,  192.,  193.,  194.,  195.,  196.,  197.,
        198.,  199.,  200.,  201.,  202.,  203.,  204.,  205.,  206.,
        207.,  208.,  209.,  210.,  211.,  212.,  213.,  214.,  215.,
        216.,  217.,  218.,  219.,  220.,  221.,  222.,  223.,  224.,
        225.,  226.,  227.,  228.,  229.,  230.,  231.,  232.,  233.,
        234.,  235.,  236.,  237.,  238.,  239.,  240.,  241.,  242.,
        243.,  244.,  245.,  246.,  247.,  248.,  249.,  250.,  251.,
        252.,  253.,  254.,  255.,  256.,  257.,  258.,  259.,  260.,
        261.,  262.,  263.,  264.,  265.,  266.,  267.,  268.,  269.]))
(270 out of 270) Instances to keep are determined: 0.0, 1.0, 2.0, 3.0, 4.0, 5.0, 6.0, 7.0, 8.0, 9.0, 10.0, 11.0, 12.0, 13.0, 14.0, 15.0, 16.0, 17.0, 18.0, 19.0, 20.0, 21.0, 22.0, 23.0, 24.0, 25.0, 26.0, 27.0, 28.0, 29.0, 30.0, 31.0, 32.0, 33.0, 34.0, 35.0, 36.0, 37.0, 38.0, 39.0, 40.0, 41.0, 42.0, 43.0, 44.0, 45.0, 46.0, 47.0, 48.0, 49.0, 50.0, 51.0, 52.0, 53.0, 54.0, 55.0, 56.0, 57.0, 58.0, 59.0, 60.0, 61.0, 62.0, 63.0, 64.0, 65.0, 66.0, 67.0, 68.0, 69.0, 70.0, 71.0, 72.0, 73.0, 74.0, 75.0, 76.0, 77.0, 78.0, 79.0, 80.0, 81.0, 82.0, 83.0, 84.0, 85.0, 86.0, 87.0, 88.0, 89.0, 90.0, 91.0, 92.0, 93.0, 94.0, 95.0, 96.0, 97.0, 98.0, 99.0, 100.0, 101.0, 102.0, 103.0, 104.0, 105.0, 106.0, 107.0, 108.0, 109.0, 110.0, 111.0, 112.0, 113.0, 114.0, 115.0, 116.0, 117.0, 118.0, 119.0, 120.0, 121.0, 122.0, 123.0, 124.0, 125.0, 126.0, 127.0, 128.0, 129.0, 130.0, 131.0, 132.0, 133.0, 134.0, 135.0, 136.0, 137.0, 138.0, 139.0, 140.0, 141.0, 142.0, 143.0, 144.0, 145.0, 146.0, 147.0, 148.0, 149.0, 150.0, 151.0, 152.0, 153.0, 154.0, 155.0, 156.0, 157.0, 158.0, 159.0, 160.0, 161.0, 162.0, 163.0, 164.0, 165.0, 166.0, 167.0, 168.0, 169.0, 170.0, 171.0, 172.0, 173.0, 174.0, 175.0, 176.0, 177.0, 178.0, 179.0, 180.0, 181.0, 182.0, 183.0, 184.0, 185.0, 186.0, 187.0, 188.0, 189.0, 190.0, 191.0, 192.0, 193.0, 194.0, 195.0, 196.0, 197.0, 198.0, 199.0, 200.0, 201.0, 202.0, 203.0, 204.0, 205.0, 206.0, 207.0, 208.0, 209.0, 210.0, 211.0, 212.0, 213.0, 214.0, 215.0, 216.0, 217.0, 218.0, 219.0, 220.0, 221.0, 222.0, 223.0, 224.0, 225.0, 226.0, 227.0, 228.0, 229.0, 230.0, 231.0, 232.0, 233.0, 234.0, 235.0, 236.0, 237.0, 238.0, 239.0, 240.0, 241.0, 242.0, 243.0, 244.0, 245.0, 246.0, 247.0, 248.0, 249.0, 250.0, 251.0, 252.0, 253.0, 254.0, 255.0, 256.0, 257.0, 258.0, 259.0, 260.0, 261.0, 262.0, 263.0, 264.0, 265.0, 266.0, 267.0, 268.0, 269.0
% Backup Solver: glucose_2
% Input Instances for Training: 270 (-unsolvable)
% Used Instances for Training: 270 (-unsolvable)
% Train with RANDOMFOREST-CLASSVOTER
% PAR10 on current test set: 13915.69 (30 instances)
% >>> 7-th iteration<<<
('sr: ', array([ 13547.38782895,   3758.78627621,   2671.59662433,   2426.49706691,
         1910.99245858,   1778.47150606,   1540.36257342]), ' - svd_k: ', 7)

opt_portfolio:  [0 0 0 0 0 0 0 0 0 0 0 0 0 0 0 0 0 0]
opt_portfolio v2:  set([0, 1, 2, 3, 4, 5, 6, 7, 8, 9, 10, 11, 12, 13, 14, 15, 16, 17])
('top_ft_inx_arr: ', array([ 0,  2,  3,  4,  5,  6,  7,  8, 11, 13, 15, 16, 18, 19, 21, 24, 27,
       29, 33, 34, 35, 37, 39, 41, 46]))
ft_imp_total =  1.0
ft cv scores:  [ 0.04056185  0.2207385   0.1316957   0.12595772  0.16770357  0.18136382
  0.18064771  0.0649975   0.13438338  0.06359759]
top_ft_inx_arr:  [ 0  2  3  4  5  6  7  8 11 13 15 16 18 19 21 24 27 29 33 34 35 37 39 41 46]
(25 out of 50) Features to keep are determined: 0, 2, 3, 4, 5, 6, 7, 8, 11, 13, 15, 16, 18, 19, 21, 24, 27, 29, 33, 34, 35, 37, 39, 41, 46
('No algorithm subset selection, just get the optimal portfolio: ', '0, 1, 2, 3, 4, 5, 6, 7, 8, 9, 10, 11, 12, 13, 14, 15, 16, 17')
(18 out of 18) Algorithms/solvers to keep are determined: 0, 1, 2, 3, 4, 5, 6, 7, 8, 9, 10, 11, 12, 13, 14, 15, 16, 17
('inst_per_cls : ', array([   0.,    1.,    2.,    3.,    4.,    5.,    6.,    7.,    8.,
          9.,   10.,   11.,   12.,   13.,   14.,   15.,   16.,   17.,
         18.,   19.,   20.,   21.,   22.,   23.,   24.,   25.,   26.,
         27.,   28.,   29.,   30.,   31.,   32.,   33.,   34.,   35.,
         36.,   37.,   38.,   39.,   40.,   41.,   42.,   43.,   44.,
         45.,   46.,   47.,   48.,   49.,   50.,   51.,   52.,   53.,
         54.,   55.,   56.,   57.,   58.,   59.,   60.,   61.,   62.,
         63.,   64.,   65.,   66.,   67.,   68.,   69.,   70.,   71.,
         72.,   73.,   74.,   75.,   76.,   77.,   78.,   79.,   80.,
         81.,   82.,   83.,   84.,   85.,   86.,   87.,   88.,   89.,
         90.,   91.,   92.,   93.,   94.,   95.,   96.,   97.,   98.,
         99.,  100.,  101.,  102.,  103.,  104.,  105.,  106.,  107.,
        108.,  109.,  110.,  111.,  112.,  113.,  114.,  115.,  116.,
        117.,  118.,  119.,  120.,  121.,  122.,  123.,  124.,  125.,
        126.,  127.,  128.,  129.,  130.,  131.,  132.,  133.,  134.,
        135.,  136.,  137.,  138.,  139.,  140.,  141.,  142.,  143.,
        144.,  145.,  146.,  147.,  148.,  149.,  150.,  151.,  152.,
        153.,  154.,  155.,  156.,  157.,  158.,  159.,  160.,  161.,
        162.,  163.,  164.,  165.,  166.,  167.,  168.,  169.,  170.,
        171.,  172.,  173.,  174.,  175.,  176.,  177.,  178.,  179.,
        180.,  181.,  182.,  183.,  184.,  185.,  186.,  187.,  188.,
        189.,  190.,  191.,  192.,  193.,  194.,  195.,  196.,  197.,
        198.,  199.,  200.,  201.,  202.,  203.,  204.,  205.,  206.,
        207.,  208.,  209.,  210.,  211.,  212.,  213.,  214.,  215.,
        216.,  217.,  218.,  219.,  220.,  221.,  222.,  223.,  224.,
        225.,  226.,  227.,  228.,  229.,  230.,  231.,  232.,  233.,
        234.,  235.,  236.,  237.,  238.,  239.,  240.,  241.,  242.,
        243.,  244.,  245.,  246.,  247.,  248.,  249.,  250.,  251.,
        252.,  253.,  254.,  255.,  256.,  257.,  258.,  259.,  260.,
        261.,  262.,  263.,  264.,  265.,  266.,  267.,  268.,  269.]))
(270 out of 270) Instances to keep are determined: 0.0, 1.0, 2.0, 3.0, 4.0, 5.0, 6.0, 7.0, 8.0, 9.0, 10.0, 11.0, 12.0, 13.0, 14.0, 15.0, 16.0, 17.0, 18.0, 19.0, 20.0, 21.0, 22.0, 23.0, 24.0, 25.0, 26.0, 27.0, 28.0, 29.0, 30.0, 31.0, 32.0, 33.0, 34.0, 35.0, 36.0, 37.0, 38.0, 39.0, 40.0, 41.0, 42.0, 43.0, 44.0, 45.0, 46.0, 47.0, 48.0, 49.0, 50.0, 51.0, 52.0, 53.0, 54.0, 55.0, 56.0, 57.0, 58.0, 59.0, 60.0, 61.0, 62.0, 63.0, 64.0, 65.0, 66.0, 67.0, 68.0, 69.0, 70.0, 71.0, 72.0, 73.0, 74.0, 75.0, 76.0, 77.0, 78.0, 79.0, 80.0, 81.0, 82.0, 83.0, 84.0, 85.0, 86.0, 87.0, 88.0, 89.0, 90.0, 91.0, 92.0, 93.0, 94.0, 95.0, 96.0, 97.0, 98.0, 99.0, 100.0, 101.0, 102.0, 103.0, 104.0, 105.0, 106.0, 107.0, 108.0, 109.0, 110.0, 111.0, 112.0, 113.0, 114.0, 115.0, 116.0, 117.0, 118.0, 119.0, 120.0, 121.0, 122.0, 123.0, 124.0, 125.0, 126.0, 127.0, 128.0, 129.0, 130.0, 131.0, 132.0, 133.0, 134.0, 135.0, 136.0, 137.0, 138.0, 139.0, 140.0, 141.0, 142.0, 143.0, 144.0, 145.0, 146.0, 147.0, 148.0, 149.0, 150.0, 151.0, 152.0, 153.0, 154.0, 155.0, 156.0, 157.0, 158.0, 159.0, 160.0, 161.0, 162.0, 163.0, 164.0, 165.0, 166.0, 167.0, 168.0, 169.0, 170.0, 171.0, 172.0, 173.0, 174.0, 175.0, 176.0, 177.0, 178.0, 179.0, 180.0, 181.0, 182.0, 183.0, 184.0, 185.0, 186.0, 187.0, 188.0, 189.0, 190.0, 191.0, 192.0, 193.0, 194.0, 195.0, 196.0, 197.0, 198.0, 199.0, 200.0, 201.0, 202.0, 203.0, 204.0, 205.0, 206.0, 207.0, 208.0, 209.0, 210.0, 211.0, 212.0, 213.0, 214.0, 215.0, 216.0, 217.0, 218.0, 219.0, 220.0, 221.0, 222.0, 223.0, 224.0, 225.0, 226.0, 227.0, 228.0, 229.0, 230.0, 231.0, 232.0, 233.0, 234.0, 235.0, 236.0, 237.0, 238.0, 239.0, 240.0, 241.0, 242.0, 243.0, 244.0, 245.0, 246.0, 247.0, 248.0, 249.0, 250.0, 251.0, 252.0, 253.0, 254.0, 255.0, 256.0, 257.0, 258.0, 259.0, 260.0, 261.0, 262.0, 263.0, 264.0, 265.0, 266.0, 267.0, 268.0, 269.0
% Backup Solver: glucose_2
% Input Instances for Training: 270 (-unsolvable)
% Used Instances for Training: 270 (-unsolvable)
% Train with RANDOMFOREST-CLASSVOTER
% PAR10 on current test set: 10332.26 (30 instances)
% >>> 8-th iteration<<<
('sr: ', array([ 13462.39299641,   3847.75068816,   2645.21678027,   2391.5021669 ,
         1877.08440953,   1743.15689095,   1515.3470555 ]), ' - svd_k: ', 7)

opt_portfolio:  [0 0 0 0 0 0 0 0 0 0 0 0 0 0 0 0 0 0]
opt_portfolio v2:  set([0, 1, 2, 3, 4, 5, 6, 7, 8, 9, 10, 11, 12, 13, 14, 15, 16, 17])
('top_ft_inx_arr: ', array([ 1,  3,  4,  5,  6,  7,  8, 11, 13, 15, 16, 18, 19, 21, 24, 26, 29,
       33, 34, 35, 36, 37, 38, 41, 47]))
ft_imp_total =  1.0
ft cv scores:  [ 0.05018014 -0.00091096  0.09692101  0.2800917   0.0690215   0.12894512
  0.0769109   0.23022831  0.12205929  0.20441399]
top_ft_inx_arr:  [ 1  3  4  5  6  7  8 11 13 15 16 18 19 21 24 26 29 33 34 35 36 37 38 41 47]
(25 out of 50) Features to keep are determined: 1, 3, 4, 5, 6, 7, 8, 11, 13, 15, 16, 18, 19, 21, 24, 26, 29, 33, 34, 35, 36, 37, 38, 41, 47
('No algorithm subset selection, just get the optimal portfolio: ', '0, 1, 2, 3, 4, 5, 6, 7, 8, 9, 10, 11, 12, 13, 14, 15, 16, 17')
(18 out of 18) Algorithms/solvers to keep are determined: 0, 1, 2, 3, 4, 5, 6, 7, 8, 9, 10, 11, 12, 13, 14, 15, 16, 17
('inst_per_cls : ', array([   0.,    1.,    2.,    3.,    4.,    5.,    6.,    7.,    8.,
          9.,   10.,   11.,   12.,   13.,   14.,   15.,   16.,   17.,
         18.,   19.,   20.,   21.,   22.,   23.,   24.,   25.,   26.,
         27.,   28.,   29.,   30.,   31.,   32.,   33.,   34.,   35.,
         36.,   37.,   38.,   39.,   40.,   41.,   42.,   43.,   44.,
         45.,   46.,   47.,   48.,   49.,   50.,   51.,   52.,   53.,
         54.,   55.,   56.,   57.,   58.,   59.,   60.,   61.,   62.,
         63.,   64.,   65.,   66.,   67.,   68.,   69.,   70.,   71.,
         72.,   73.,   74.,   75.,   76.,   77.,   78.,   79.,   80.,
         81.,   82.,   83.,   84.,   85.,   86.,   87.,   88.,   89.,
         90.,   91.,   92.,   93.,   94.,   95.,   96.,   97.,   98.,
         99.,  100.,  101.,  102.,  103.,  104.,  105.,  106.,  107.,
        108.,  109.,  110.,  111.,  112.,  113.,  114.,  115.,  116.,
        117.,  118.,  119.,  120.,  121.,  122.,  123.,  124.,  125.,
        126.,  127.,  128.,  129.,  130.,  131.,  132.,  133.,  134.,
        135.,  136.,  137.,  138.,  139.,  140.,  141.,  142.,  143.,
        144.,  145.,  146.,  147.,  148.,  149.,  150.,  151.,  152.,
        153.,  154.,  155.,  156.,  157.,  158.,  159.,  160.,  161.,
        162.,  163.,  164.,  165.,  166.,  167.,  168.,  169.,  170.,
        171.,  172.,  173.,  174.,  175.,  176.,  177.,  178.,  179.,
        180.,  181.,  182.,  183.,  184.,  185.,  186.,  187.,  188.,
        189.,  190.,  191.,  192.,  193.,  194.,  195.,  196.,  197.,
        198.,  199.,  200.,  201.,  202.,  203.,  204.,  205.,  206.,
        207.,  208.,  209.,  210.,  211.,  212.,  213.,  214.,  215.,
        216.,  217.,  218.,  219.,  220.,  221.,  222.,  223.,  224.,
        225.,  226.,  227.,  228.,  229.,  230.,  231.,  232.,  233.,
        234.,  235.,  236.,  237.,  238.,  239.,  240.,  241.,  242.,
        243.,  244.,  245.,  246.,  247.,  248.,  249.,  250.,  251.,
        252.,  253.,  254.,  255.,  256.,  257.,  258.,  259.,  260.,
        261.,  262.,  263.,  264.,  265.,  266.,  267.,  268.,  269.]))
(270 out of 270) Instances to keep are determined: 0.0, 1.0, 2.0, 3.0, 4.0, 5.0, 6.0, 7.0, 8.0, 9.0, 10.0, 11.0, 12.0, 13.0, 14.0, 15.0, 16.0, 17.0, 18.0, 19.0, 20.0, 21.0, 22.0, 23.0, 24.0, 25.0, 26.0, 27.0, 28.0, 29.0, 30.0, 31.0, 32.0, 33.0, 34.0, 35.0, 36.0, 37.0, 38.0, 39.0, 40.0, 41.0, 42.0, 43.0, 44.0, 45.0, 46.0, 47.0, 48.0, 49.0, 50.0, 51.0, 52.0, 53.0, 54.0, 55.0, 56.0, 57.0, 58.0, 59.0, 60.0, 61.0, 62.0, 63.0, 64.0, 65.0, 66.0, 67.0, 68.0, 69.0, 70.0, 71.0, 72.0, 73.0, 74.0, 75.0, 76.0, 77.0, 78.0, 79.0, 80.0, 81.0, 82.0, 83.0, 84.0, 85.0, 86.0, 87.0, 88.0, 89.0, 90.0, 91.0, 92.0, 93.0, 94.0, 95.0, 96.0, 97.0, 98.0, 99.0, 100.0, 101.0, 102.0, 103.0, 104.0, 105.0, 106.0, 107.0, 108.0, 109.0, 110.0, 111.0, 112.0, 113.0, 114.0, 115.0, 116.0, 117.0, 118.0, 119.0, 120.0, 121.0, 122.0, 123.0, 124.0, 125.0, 126.0, 127.0, 128.0, 129.0, 130.0, 131.0, 132.0, 133.0, 134.0, 135.0, 136.0, 137.0, 138.0, 139.0, 140.0, 141.0, 142.0, 143.0, 144.0, 145.0, 146.0, 147.0, 148.0, 149.0, 150.0, 151.0, 152.0, 153.0, 154.0, 155.0, 156.0, 157.0, 158.0, 159.0, 160.0, 161.0, 162.0, 163.0, 164.0, 165.0, 166.0, 167.0, 168.0, 169.0, 170.0, 171.0, 172.0, 173.0, 174.0, 175.0, 176.0, 177.0, 178.0, 179.0, 180.0, 181.0, 182.0, 183.0, 184.0, 185.0, 186.0, 187.0, 188.0, 189.0, 190.0, 191.0, 192.0, 193.0, 194.0, 195.0, 196.0, 197.0, 198.0, 199.0, 200.0, 201.0, 202.0, 203.0, 204.0, 205.0, 206.0, 207.0, 208.0, 209.0, 210.0, 211.0, 212.0, 213.0, 214.0, 215.0, 216.0, 217.0, 218.0, 219.0, 220.0, 221.0, 222.0, 223.0, 224.0, 225.0, 226.0, 227.0, 228.0, 229.0, 230.0, 231.0, 232.0, 233.0, 234.0, 235.0, 236.0, 237.0, 238.0, 239.0, 240.0, 241.0, 242.0, 243.0, 244.0, 245.0, 246.0, 247.0, 248.0, 249.0, 250.0, 251.0, 252.0, 253.0, 254.0, 255.0, 256.0, 257.0, 258.0, 259.0, 260.0, 261.0, 262.0, 263.0, 264.0, 265.0, 266.0, 267.0, 268.0, 269.0
% Backup Solver: glueminisat_2.2.5
% Input Instances for Training: 270 (-unsolvable)
% Used Instances for Training: 270 (-unsolvable)
% Train with RANDOMFOREST-CLASSVOTER
% PAR10 on current test set: 12112.62 (30 instances)
% >>> 9-th iteration<<<
('sr: ', array([ 13464.22702775,   3821.64869203,   2625.30235098,   2434.79747603,
         1824.67098971,   1763.50553483,   1530.98251443]), ' - svd_k: ', 7)

opt_portfolio:  [0 0 0 0 0 0 0 0 0 0 0 0 0 0 0 0 0 0]
opt_portfolio v2:  set([0, 1, 2, 3, 4, 5, 6, 7, 8, 9, 10, 11, 12, 13, 14, 15, 16, 17])
('top_ft_inx_arr: ', array([ 3,  4,  5,  7,  8, 11, 12, 13, 14, 15, 18, 19, 21, 24, 25, 26, 29,
       31, 33, 34, 35, 36, 37, 39, 46]))
ft_imp_total =  1.0
ft cv scores:  [ 0.03102059  0.24687481  0.08850194  0.1839422   0.21486155  0.098193
  0.12726094  0.21197039  0.10495786  0.22421191]
top_ft_inx_arr:  [ 3  4  5  7  8 11 12 13 14 15 18 19 21 24 25 26 29 31 33 34 35 36 37 39 46]
(25 out of 50) Features to keep are determined: 3, 4, 5, 7, 8, 11, 12, 13, 14, 15, 18, 19, 21, 24, 25, 26, 29, 31, 33, 34, 35, 36, 37, 39, 46
('No algorithm subset selection, just get the optimal portfolio: ', '0, 1, 2, 3, 4, 5, 6, 7, 8, 9, 10, 11, 12, 13, 14, 15, 16, 17')
(18 out of 18) Algorithms/solvers to keep are determined: 0, 1, 2, 3, 4, 5, 6, 7, 8, 9, 10, 11, 12, 13, 14, 15, 16, 17
('inst_per_cls : ', array([   0.,    1.,    2.,    3.,    4.,    5.,    6.,    7.,    8.,
          9.,   10.,   11.,   12.,   13.,   14.,   15.,   16.,   17.,
         18.,   19.,   20.,   21.,   22.,   23.,   24.,   25.,   26.,
         27.,   28.,   29.,   30.,   31.,   32.,   33.,   34.,   35.,
         36.,   37.,   38.,   39.,   40.,   41.,   42.,   43.,   44.,
         45.,   46.,   47.,   48.,   49.,   50.,   51.,   52.,   53.,
         54.,   55.,   56.,   57.,   58.,   59.,   60.,   61.,   62.,
         63.,   64.,   65.,   66.,   67.,   68.,   69.,   70.,   71.,
         72.,   73.,   74.,   75.,   76.,   77.,   78.,   79.,   80.,
         81.,   82.,   83.,   84.,   85.,   86.,   87.,   88.,   89.,
         90.,   91.,   92.,   93.,   94.,   95.,   96.,   97.,   98.,
         99.,  100.,  101.,  102.,  103.,  104.,  105.,  106.,  107.,
        108.,  109.,  110.,  111.,  112.,  113.,  114.,  115.,  116.,
        117.,  118.,  119.,  120.,  121.,  122.,  123.,  124.,  125.,
        126.,  127.,  128.,  129.,  130.,  131.,  132.,  133.,  134.,
        135.,  136.,  137.,  138.,  139.,  140.,  141.,  142.,  143.,
        144.,  145.,  146.,  147.,  148.,  149.,  150.,  151.,  152.,
        153.,  154.,  155.,  156.,  157.,  158.,  159.,  160.,  161.,
        162.,  163.,  164.,  165.,  166.,  167.,  168.,  169.,  170.,
        171.,  172.,  173.,  174.,  175.,  176.,  177.,  178.,  179.,
        180.,  181.,  182.,  183.,  184.,  185.,  186.,  187.,  188.,
        189.,  190.,  191.,  192.,  193.,  194.,  195.,  196.,  197.,
        198.,  199.,  200.,  201.,  202.,  203.,  204.,  205.,  206.,
        207.,  208.,  209.,  210.,  211.,  212.,  213.,  214.,  215.,
        216.,  217.,  218.,  219.,  220.,  221.,  222.,  223.,  224.,
        225.,  226.,  227.,  228.,  229.,  230.,  231.,  232.,  233.,
        234.,  235.,  236.,  237.,  238.,  239.,  240.,  241.,  242.,
        243.,  244.,  245.,  246.,  247.,  248.,  249.,  250.,  251.,
        252.,  253.,  254.,  255.,  256.,  257.,  258.,  259.,  260.,
        261.,  262.,  263.,  264.,  265.,  266.,  267.,  268.,  269.]))
(270 out of 270) Instances to keep are determined: 0.0, 1.0, 2.0, 3.0, 4.0, 5.0, 6.0, 7.0, 8.0, 9.0, 10.0, 11.0, 12.0, 13.0, 14.0, 15.0, 16.0, 17.0, 18.0, 19.0, 20.0, 21.0, 22.0, 23.0, 24.0, 25.0, 26.0, 27.0, 28.0, 29.0, 30.0, 31.0, 32.0, 33.0, 34.0, 35.0, 36.0, 37.0, 38.0, 39.0, 40.0, 41.0, 42.0, 43.0, 44.0, 45.0, 46.0, 47.0, 48.0, 49.0, 50.0, 51.0, 52.0, 53.0, 54.0, 55.0, 56.0, 57.0, 58.0, 59.0, 60.0, 61.0, 62.0, 63.0, 64.0, 65.0, 66.0, 67.0, 68.0, 69.0, 70.0, 71.0, 72.0, 73.0, 74.0, 75.0, 76.0, 77.0, 78.0, 79.0, 80.0, 81.0, 82.0, 83.0, 84.0, 85.0, 86.0, 87.0, 88.0, 89.0, 90.0, 91.0, 92.0, 93.0, 94.0, 95.0, 96.0, 97.0, 98.0, 99.0, 100.0, 101.0, 102.0, 103.0, 104.0, 105.0, 106.0, 107.0, 108.0, 109.0, 110.0, 111.0, 112.0, 113.0, 114.0, 115.0, 116.0, 117.0, 118.0, 119.0, 120.0, 121.0, 122.0, 123.0, 124.0, 125.0, 126.0, 127.0, 128.0, 129.0, 130.0, 131.0, 132.0, 133.0, 134.0, 135.0, 136.0, 137.0, 138.0, 139.0, 140.0, 141.0, 142.0, 143.0, 144.0, 145.0, 146.0, 147.0, 148.0, 149.0, 150.0, 151.0, 152.0, 153.0, 154.0, 155.0, 156.0, 157.0, 158.0, 159.0, 160.0, 161.0, 162.0, 163.0, 164.0, 165.0, 166.0, 167.0, 168.0, 169.0, 170.0, 171.0, 172.0, 173.0, 174.0, 175.0, 176.0, 177.0, 178.0, 179.0, 180.0, 181.0, 182.0, 183.0, 184.0, 185.0, 186.0, 187.0, 188.0, 189.0, 190.0, 191.0, 192.0, 193.0, 194.0, 195.0, 196.0, 197.0, 198.0, 199.0, 200.0, 201.0, 202.0, 203.0, 204.0, 205.0, 206.0, 207.0, 208.0, 209.0, 210.0, 211.0, 212.0, 213.0, 214.0, 215.0, 216.0, 217.0, 218.0, 219.0, 220.0, 221.0, 222.0, 223.0, 224.0, 225.0, 226.0, 227.0, 228.0, 229.0, 230.0, 231.0, 232.0, 233.0, 234.0, 235.0, 236.0, 237.0, 238.0, 239.0, 240.0, 241.0, 242.0, 243.0, 244.0, 245.0, 246.0, 247.0, 248.0, 249.0, 250.0, 251.0, 252.0, 253.0, 254.0, 255.0, 256.0, 257.0, 258.0, 259.0, 260.0, 261.0, 262.0, 263.0, 264.0, 265.0, 266.0, 267.0, 268.0, 269.0
% Backup Solver: glucose_2
% Input Instances for Training: 270 (-unsolvable)
% Used Instances for Training: 270 (-unsolvable)
% Train with RANDOMFOREST-CLASSVOTER
% PAR10 on current test set: 10501.69 (30 instances)
% >>> 10-th iteration<<<
('sr: ', array([ 13352.33331746,   3874.84764744,   2642.43651703,   2449.48700946,
         1898.3911435 ,   1773.85595114,   1519.12744112]), ' - svd_k: ', 7)

opt_portfolio:  [0 0 0 0 0 0 0 0 0 0 0 0 0 0 0 0 0 0]
opt_portfolio v2:  set([0, 1, 2, 3, 4, 5, 6, 7, 8, 9, 10, 11, 12, 13, 14, 15, 16, 17])
('top_ft_inx_arr: ', array([ 1,  2,  3,  4,  5,  7,  8, 11, 13, 15, 16, 18, 19, 21, 24, 25, 26,
       27, 33, 34, 35, 37, 39, 46, 49]))
ft_imp_total =  1.0
ft cv scores:  [ 0.06546358  0.12902364  0.09189787  0.18068831  0.15883229  0.13429118
  0.16918231  0.27927646  0.23461976  0.18053621]
top_ft_inx_arr:  [ 1  2  3  4  5  7  8 11 13 15 16 18 19 21 24 25 26 27 33 34 35 37 39 46 49]
(25 out of 50) Features to keep are determined: 1, 2, 3, 4, 5, 7, 8, 11, 13, 15, 16, 18, 19, 21, 24, 25, 26, 27, 33, 34, 35, 37, 39, 46, 49
('No algorithm subset selection, just get the optimal portfolio: ', '0, 1, 2, 3, 4, 5, 6, 7, 8, 9, 10, 11, 12, 13, 14, 15, 16, 17')
(18 out of 18) Algorithms/solvers to keep are determined: 0, 1, 2, 3, 4, 5, 6, 7, 8, 9, 10, 11, 12, 13, 14, 15, 16, 17
('inst_per_cls : ', array([   0.,    1.,    2.,    3.,    4.,    5.,    6.,    7.,    8.,
          9.,   10.,   11.,   12.,   13.,   14.,   15.,   16.,   17.,
         18.,   19.,   20.,   21.,   22.,   23.,   24.,   25.,   26.,
         27.,   28.,   29.,   30.,   31.,   32.,   33.,   34.,   35.,
         36.,   37.,   38.,   39.,   40.,   41.,   42.,   43.,   44.,
         45.,   46.,   47.,   48.,   49.,   50.,   51.,   52.,   53.,
         54.,   55.,   56.,   57.,   58.,   59.,   60.,   61.,   62.,
         63.,   64.,   65.,   66.,   67.,   68.,   69.,   70.,   71.,
         72.,   73.,   74.,   75.,   76.,   77.,   78.,   79.,   80.,
         81.,   82.,   83.,   84.,   85.,   86.,   87.,   88.,   89.,
         90.,   91.,   92.,   93.,   94.,   95.,   96.,   97.,   98.,
         99.,  100.,  101.,  102.,  103.,  104.,  105.,  106.,  107.,
        108.,  109.,  110.,  111.,  112.,  113.,  114.,  115.,  116.,
        117.,  118.,  119.,  120.,  121.,  122.,  123.,  124.,  125.,
        126.,  127.,  128.,  129.,  130.,  131.,  132.,  133.,  134.,
        135.,  136.,  137.,  138.,  139.,  140.,  141.,  142.,  143.,
        144.,  145.,  146.,  147.,  148.,  149.,  150.,  151.,  152.,
        153.,  154.,  155.,  156.,  157.,  158.,  159.,  160.,  161.,
        162.,  163.,  164.,  165.,  166.,  167.,  168.,  169.,  170.,
        171.,  172.,  173.,  174.,  175.,  176.,  177.,  178.,  179.,
        180.,  181.,  182.,  183.,  184.,  185.,  186.,  187.,  188.,
        189.,  190.,  191.,  192.,  193.,  194.,  195.,  196.,  197.,
        198.,  199.,  200.,  201.,  202.,  203.,  204.,  205.,  206.,
        207.,  208.,  209.,  210.,  211.,  212.,  213.,  214.,  215.,
        216.,  217.,  218.,  219.,  220.,  221.,  222.,  223.,  224.,
        225.,  226.,  227.,  228.,  229.,  230.,  231.,  232.,  233.,
        234.,  235.,  236.,  237.,  238.,  239.,  240.,  241.,  242.,
        243.,  244.,  245.,  246.,  247.,  248.,  249.,  250.,  251.,
        252.,  253.,  254.,  255.,  256.,  257.,  258.,  259.,  260.,
        261.,  262.,  263.,  264.,  265.,  266.,  267.,  268.,  269.]))
(270 out of 270) Instances to keep are determined: 0.0, 1.0, 2.0, 3.0, 4.0, 5.0, 6.0, 7.0, 8.0, 9.0, 10.0, 11.0, 12.0, 13.0, 14.0, 15.0, 16.0, 17.0, 18.0, 19.0, 20.0, 21.0, 22.0, 23.0, 24.0, 25.0, 26.0, 27.0, 28.0, 29.0, 30.0, 31.0, 32.0, 33.0, 34.0, 35.0, 36.0, 37.0, 38.0, 39.0, 40.0, 41.0, 42.0, 43.0, 44.0, 45.0, 46.0, 47.0, 48.0, 49.0, 50.0, 51.0, 52.0, 53.0, 54.0, 55.0, 56.0, 57.0, 58.0, 59.0, 60.0, 61.0, 62.0, 63.0, 64.0, 65.0, 66.0, 67.0, 68.0, 69.0, 70.0, 71.0, 72.0, 73.0, 74.0, 75.0, 76.0, 77.0, 78.0, 79.0, 80.0, 81.0, 82.0, 83.0, 84.0, 85.0, 86.0, 87.0, 88.0, 89.0, 90.0, 91.0, 92.0, 93.0, 94.0, 95.0, 96.0, 97.0, 98.0, 99.0, 100.0, 101.0, 102.0, 103.0, 104.0, 105.0, 106.0, 107.0, 108.0, 109.0, 110.0, 111.0, 112.0, 113.0, 114.0, 115.0, 116.0, 117.0, 118.0, 119.0, 120.0, 121.0, 122.0, 123.0, 124.0, 125.0, 126.0, 127.0, 128.0, 129.0, 130.0, 131.0, 132.0, 133.0, 134.0, 135.0, 136.0, 137.0, 138.0, 139.0, 140.0, 141.0, 142.0, 143.0, 144.0, 145.0, 146.0, 147.0, 148.0, 149.0, 150.0, 151.0, 152.0, 153.0, 154.0, 155.0, 156.0, 157.0, 158.0, 159.0, 160.0, 161.0, 162.0, 163.0, 164.0, 165.0, 166.0, 167.0, 168.0, 169.0, 170.0, 171.0, 172.0, 173.0, 174.0, 175.0, 176.0, 177.0, 178.0, 179.0, 180.0, 181.0, 182.0, 183.0, 184.0, 185.0, 186.0, 187.0, 188.0, 189.0, 190.0, 191.0, 192.0, 193.0, 194.0, 195.0, 196.0, 197.0, 198.0, 199.0, 200.0, 201.0, 202.0, 203.0, 204.0, 205.0, 206.0, 207.0, 208.0, 209.0, 210.0, 211.0, 212.0, 213.0, 214.0, 215.0, 216.0, 217.0, 218.0, 219.0, 220.0, 221.0, 222.0, 223.0, 224.0, 225.0, 226.0, 227.0, 228.0, 229.0, 230.0, 231.0, 232.0, 233.0, 234.0, 235.0, 236.0, 237.0, 238.0, 239.0, 240.0, 241.0, 242.0, 243.0, 244.0, 245.0, 246.0, 247.0, 248.0, 249.0, 250.0, 251.0, 252.0, 253.0, 254.0, 255.0, 256.0, 257.0, 258.0, 259.0, 260.0, 261.0, 262.0, 263.0, 264.0, 265.0, 266.0, 267.0, 268.0, 269.0
% Backup Solver: glucose_2
% Input Instances for Training: 270 (-unsolvable)
% Used Instances for Training: 270 (-unsolvable)
% Train with RANDOMFOREST-CLASSVOTER
% PAR10 on current test set: 13809.17 (30 instances)
% 
%  >>> Instances: 300 <<<
%  >>> Oracle Evaluation (w/o unsolved) <<<
% 
% Unsolved (not by any algorithm and not by feature computation): 47
% PAR1 time: 1137.674485 (420.167373)
% Par10 time: 8187.517818 (419.981603)
% #TOs: 47 (0)
% 
%  >>> Cross Fold Evaluation <<<
% 
% Presolved: 10
% >>>With Unsolvable Instances
% Timeouts per #Thread: {1: 71, 2: 61, 3: 56, 4: 52, 5: 50, 6: 49, 7: 48, 8: 48, 9: 48, 10: 48, 11: 48, 12: 48, 13: 48, 14: 48, 15: 47, 16: 47, 17: 47, 18: 47}
% Solved (perc) per #Thread: {1: 0.7633333333333333, 2: 0.7966666666666666, 3: 0.8133333333333334, 4: 0.8266666666666667, 5: 0.8333333333333334, 6: 0.8366666666666667, 7: 0.84, 8: 0.84, 9: 0.84, 10: 0.84, 11: 0.84, 12: 0.84, 13: 0.84, 14: 0.84, 15: 0.8433333333333333, 16: 0.8433333333333333, 17: 0.8433333333333333, 18: 0.8433333333333333}
% AVG per #Thread: {1: 1667.8063714933319, 2: 1514.4003083533328, 3: 1440.6198216133332, 4: 1361.1388281633333, 5: 1352.0160519099995, 6: 1316.4233580866658, 7: 1311.2900968766646, 8: 1287.4244738133314, 9: 1275.2948677966651, 10: 1259.921379016664, 11: 1259.2956891966642, 12: 1258.878839883331, 13: 1258.7234538833316, 14: 1256.688007149999, 15: 1238.959517746664, 16: 1232.7360777699978, 17: 1232.7358811399977, 18: 1225.7568748699966}
% PAR10 per #Thread: {1: 12317.806371493332, 2: 10664.400308353333, 3: 9840.619821613333, 4: 9161.138828163334, 5: 8852.016051909999, 6: 8666.423358086666, 7: 8511.290096876664, 8: 8487.424473813331, 9: 8475.294867796665, 10: 8459.921379016665, 11: 8459.295689196664, 12: 8458.878839883331, 13: 8458.72345388333, 14: 8456.688007149998, 15: 8288.959517746664, 16: 8282.736077769998, 17: 8282.735881139997, 18: 8275.756874869996}
% >>>Without Unsolved Instances (depends on pre-solved in feature groups)
% Timeouts: {1: 24, 2: 14, 3: 9, 4: 5, 5: 3, 6: 2, 7: 1, 8: 1, 9: 1, 10: 1, 11: 1, 12: 1, 13: 1, 14: 1, 15: 0, 16: 0, 17: 0, 18: 0}
% Solved (perc): {1: 0.9051383399209486, 2: 0.9446640316205533, 3: 0.9644268774703557, 4: 0.9802371541501976, 5: 0.9881422924901185, 6: 0.9920948616600791, 7: 0.9960474308300395, 8: 0.9960474308300395, 9: 0.9960474308300395, 10: 0.9960474308300395, 11: 0.9960474308300395, 12: 0.9960474308300395, 13: 0.9960474308300395, 14: 0.9960474308300395, 15: 0.9999999999999999, 16: 0.9999999999999999, 17: 0.9999999999999999, 18: 0.9999999999999999}
% PAR1: {1: 1048.7822586877455, 2: 866.8778359920942, 3: 779.3910928221342, 4: 685.1448555296441, 5: 674.3273342806319, 6: 632.1225589960463, 7: 626.0356879960451, 8: 597.7365302134364, 9: 583.3535981778637, 10: 565.1241648418943, 11: 564.3822401541473, 12: 563.8879524308273, 13: 563.7037002569149, 14: 561.2901270553348, 15: 540.2682028616568, 16: 532.8886297667958, 17: 532.8883966086929, 18: 524.6128951027629}
% PAR10: {1: 5317.556962245058, 2: 3356.996413067193, 3: 2380.1816066561264, 4: 1574.4729187707508, 5: 1207.924172225296, 6: 987.8537842924891, 7: 803.9013006442665, 8: 775.6021428616577, 9: 761.219210826085, 10: 742.9897774901175, 11: 742.2478528023686, 12: 741.7535650790485, 13: 741.5693129051363, 14: 739.1557397035543, 15: 540.2682028616568, 16: 532.8886297667958, 17: 532.8883966086929, 18: 524.6128951027629}
% 
% Time used by each solver: {'minisathackLR_GL_SHR_2011-03-02': 4955.9408300000005, 'rcl_2011-04-01': 0, 'minisathackcontrasat_2011-03-02': 76730.79263599998, 'SAT09referencesolverglucose_1.0': 0, 'minisathackminisat_psm_2011-04-01': 11682.05511, 'MPhaseSAT64_2011-05-14_fixed_': 24297.84879, 'EBGlucose_1.0': 10779.26657, 'minisathackMiniSAT_2.2.0-agile-26': 17276.6945, 'CryptoMiniSat_Strange-Night2-st_fixed_': 85617.50693699998, 'minisathackcir_minisat_2011-05-13_simp_': 0, 'QuteRSat_2011-05-12_fixed_': 69717.742275, 'SAT09referencesolverprecosat_236': 39143.24745, 'Lingeling_587f_fixed_': 21064.6619, 'RestartSAT_B95': 5033.7774, 'minisathackreferenceminisat_2.2.0': 5108.312419999999, 'minisathackEBMiniSAT_2011-03-02': 17165.050595999997, 'glucose_2': 58423.50541699999, 'glueminisat_2.2.5': 24065.038617}
% Optimal Time used by each solver: {'minisathackLR_GL_SHR_2011-03-02': 241445.91419599997, 'rcl_2011-04-01': 999.5696999999999, 'minisathackcontrasat_2011-03-02': 748.676488, 'SAT09referencesolverglucose_1.0': 1761.96, 'minisathackminisat_psm_2011-04-01': 1175.1730499999999, 'MPhaseSAT64_2011-05-14_fixed_': 18139.24949, 'EBGlucose_1.0': 3012.9838, 'minisathackMiniSAT_2.2.0-agile-26': 1611.924971, 'CryptoMiniSat_Strange-Night2-st_fixed_': 7449.210459999999, 'minisathackcir_minisat_2011-05-13_simp_': 794.152497, 'QuteRSat_2011-05-12_fixed_': 20680.214415, 'SAT09referencesolverprecosat_236': 4432.881372, 'Lingeling_587f_fixed_': 10308.949500000002, 'RestartSAT_B95': 9362.944313999998, 'minisathackreferenceminisat_2.2.0': 3026.339996, 'minisathackEBMiniSAT_2011-03-02': 181.82723800000002, 'glucose_2': 9830.662042, 'glueminisat_2.2.5': 6339.7119330000005}
