Started solving  /home/misir/Desktop/aslib_data-aslib-v1.1/SAT11-RAND
% Command line arguments:
% --aslib-dir /home/misir/Desktop/aslib_data-aslib-v1.1/SAT11-RAND --model-dir MODEL_DIR --print-times /home/misir/Desktop/liclipse/Workspace/flexfolio-data_filtering-v3/output/res-18062015165122049342-SAT11-RAND.csv
% Read /home/misir/Desktop/aslib_data-aslib-v1.1/SAT11-RAND/description.txt
% Read /home/misir/Desktop/aslib_data-aslib-v1.1/SAT11-RAND/algorithm_runs.arff
% Read /home/misir/Desktop/aslib_data-aslib-v1.1/SAT11-RAND/feature_values.arff
% Read /home/misir/Desktop/aslib_data-aslib-v1.1/SAT11-RAND/feature_runstatus.arff
% Read /home/misir/Desktop/aslib_data-aslib-v1.1/SAT11-RAND/ground_truth.arff
% Read /home/misir/Desktop/aslib_data-aslib-v1.1/SAT11-RAND/feature_costs.arff
% Read /home/misir/Desktop/aslib_data-aslib-v1.1/SAT11-RAND/cv.arff
% 1-th repetition: 60,60,60,60,60,60,60,60,60,60 distribution
% Used Feature Steps: Pre,Basic,KLB,CG
% Used features: CG_mean,BINARYp,reducedVars,VG_mean,VCG_VAR_mean,VG_min,VCG_VAR_coeff_variation,nvarsOrig,CG_coeff_variation,VG_max,CG_max,POSNEG_RATIO_CLAUSE_max,horn_clauses_fraction,nclauses,vars_clauses_ratio,CG_entropy,UNARY,cluster_coeff_mean,VCG_CLAUSE_coeff_variation,POSNEG_RATIO_VAR_max,VCG_VAR_max,POSNEG_RATIO_VAR_entropy,TRINARYp,POSNEG_RATIO_VAR_min,HORNY_VAR_max,VCG_CLAUSE_mean,VCG_CLAUSE_min,cluster_coeff_entropy,POSNEG_RATIO_CLAUSE_min,HORNY_VAR_coeff_variation,VCG_VAR_min,nvars,nclausesOrig,POSNEG_RATIO_CLAUSE_mean,CG_min,VG_coeff_variation,POSNEG_RATIO_VAR_mean,cluster_coeff_coeff_variation,POSNEG_RATIO_CLAUSE_coeff_variation,VCG_CLAUSE_entropy,VCG_VAR_entropy,cluster_coeff_min,POSNEG_RATIO_VAR_stdev,HORNY_VAR_entropy,cluster_coeff_max,HORNY_VAR_mean,VCG_CLAUSE_max,HORNY_VAR_min,POSNEG_RATIO_CLAUSE_entropy,reducedClauses
% 
% Check Consistency and Completeness of input data
% Instances: 		 600
% Algorithms: 		 9
% Incomplete Feature Vector: 	 0 (maybe imputed)
% Unsolvable Instances (status): 	 108
% Unsolvable Instances (runtime): 	 108
% Valid Instances: 	 492
% Presolved: 		 0
% Average Feature Costs: 	 22.0647
% Use given CV of 1-th repetition
% >>> 1-th iteration<<<
('sr: ', array([ 3704.99799284,  1688.35044162,   539.02504553,   460.84922847]), ' - svd_k: ', 4)

opt_portfolio:  [0 0 0 0 0 0 0 0 0]
opt_portfolio v2:  set([0, 1, 2, 3, 4, 5, 6, 7, 8])
('top_ft_inx_arr: ', array([ 0,  2,  3,  7,  8, 20, 22, 23, 24, 25, 26, 29, 30, 31, 32, 33, 34,
       35, 37, 38, 39, 44, 46, 48, 49]))
ft_imp_total =  1.0
ft cv scores:  [ 0.33968075  0.18444574  0.31538453  0.36942202  0.40013637  0.32124411
  0.4687928   0.47019754  0.34115729  0.28857519]
top_ft_inx_arr:  [ 0  2  3  7  8 20 22 23 24 25 26 29 30 31 32 33 34 35 37 38 39 44 46 48 49]
(25 out of 50) Features to keep are determined: 0, 2, 3, 7, 8, 20, 22, 23, 24, 25, 26, 29, 30, 31, 32, 33, 34, 35, 37, 38, 39, 44, 46, 48, 49
('No algorithm subset selection, just get the optimal portfolio: ', '0, 1, 2, 3, 4, 5, 6, 7, 8')
(9 out of 9) Algorithms/solvers to keep are determined: 0, 1, 2, 3, 4, 5, 6, 7, 8
('inst_per_cls : ', array([   0.,    1.,    2.,    3.,    4.,    5.,    6.,    7.,    8.,
          9.,   10.,   11.,   12.,   13.,   14.,   15.,   16.,   17.,
         18.,   19.,   20.,   21.,   22.,   23.,   24.,   25.,   26.,
         27.,   28.,   29.,   30.,   31.,   32.,   33.,   34.,   35.,
         36.,   37.,   38.,   39.,   40.,   41.,   42.,   43.,   44.,
         45.,   46.,   47.,   48.,   49.,   50.,   51.,   52.,   53.,
         54.,   55.,   56.,   57.,   58.,   59.,   60.,   61.,   62.,
         63.,   64.,   65.,   66.,   67.,   68.,   69.,   70.,   71.,
         72.,   73.,   74.,   75.,   76.,   77.,   78.,   79.,   80.,
         81.,   82.,   83.,   84.,   85.,   86.,   87.,   88.,   89.,
         90.,   91.,   92.,   93.,   94.,   95.,   96.,   97.,   98.,
         99.,  100.,  101.,  102.,  103.,  104.,  105.,  106.,  107.,
        108.,  109.,  110.,  111.,  112.,  113.,  114.,  115.,  116.,
        117.,  118.,  119.,  120.,  121.,  122.,  123.,  124.,  125.,
        126.,  127.,  128.,  129.,  130.,  131.,  132.,  133.,  134.,
        135.,  136.,  137.,  138.,  139.,  140.,  141.,  142.,  143.,
        144.,  145.,  146.,  147.,  148.,  149.,  150.,  151.,  152.,
        153.,  154.,  155.,  156.,  157.,  158.,  159.,  160.,  161.,
        162.,  163.,  164.,  165.,  166.,  167.,  168.,  169.,  170.,
        171.,  172.,  173.,  174.,  175.,  176.,  177.,  178.,  179.,
        180.,  181.,  182.,  183.,  184.,  185.,  186.,  187.,  188.,
        189.,  190.,  191.,  192.,  193.,  194.,  195.,  196.,  197.,
        198.,  199.,  200.,  201.,  202.,  203.,  204.,  205.,  206.,
        207.,  208.,  209.,  210.,  211.,  212.,  213.,  214.,  215.,
        216.,  217.,  218.,  219.,  220.,  221.,  222.,  223.,  224.,
        225.,  226.,  227.,  228.,  229.,  230.,  231.,  232.,  233.,
        234.,  235.,  236.,  237.,  238.,  239.,  240.,  241.,  242.,
        243.,  244.,  245.,  246.,  247.,  248.,  249.,  250.,  251.,
        252.,  253.,  254.,  255.,  256.,  257.,  258.,  259.,  260.,
        261.,  262.,  263.,  264.,  265.,  266.,  267.,  268.,  269.,
        270.,  271.,  272.,  273.,  274.,  275.,  276.,  277.,  278.,
        279.,  280.,  281.,  282.,  283.,  284.,  285.,  286.,  287.,
        288.,  289.,  290.,  291.,  292.,  293.,  294.,  295.,  296.,
        297.,  298.,  299.,  300.,  301.,  302.,  303.,  304.,  305.,
        306.,  307.,  308.,  309.,  310.,  311.,  312.,  313.,  314.,
        315.,  316.,  317.,  318.,  319.,  320.,  321.,  322.,  323.,
        324.,  325.,  326.,  327.,  328.,  329.,  330.,  331.,  332.,
        333.,  334.,  335.,  336.,  337.,  338.,  339.,  340.,  341.,
        342.,  343.,  344.,  345.,  346.,  347.,  348.,  349.,  350.,
        351.,  352.,  353.,  354.,  355.,  356.,  357.,  358.,  359.,
        360.,  361.,  362.,  363.,  364.,  365.,  366.,  367.,  368.,
        369.,  370.,  371.,  372.,  373.,  374.,  375.,  376.,  377.,
        378.,  379.,  380.,  381.,  382.,  383.,  384.,  385.,  386.,
        387.,  388.,  389.,  390.,  391.,  392.,  393.,  394.,  395.,
        396.,  397.,  398.,  399.,  400.,  401.,  402.,  403.,  404.,
        405.,  406.,  407.,  408.,  409.,  410.,  411.,  412.,  413.,
        414.,  415.,  416.,  417.,  418.,  419.,  420.,  421.,  422.,
        423.,  424.,  425.,  426.,  427.,  428.,  429.,  430.,  431.,
        432.,  433.,  434.,  435.,  436.,  437.,  438.,  439.,  440.,
        441.,  442.,  443.,  444.,  445.,  446.,  447.,  448.,  449.,
        450.,  451.,  452.,  453.,  454.,  455.,  456.,  457.,  458.,
        459.,  460.,  461.,  462.,  463.,  464.,  465.,  466.,  467.,
        468.,  469.,  470.,  471.,  472.,  473.,  474.,  475.,  476.,
        477.,  478.,  479.,  480.,  481.,  482.,  483.,  484.,  485.,
        486.,  487.,  488.,  489.,  490.,  491.,  492.,  493.,  494.,
        495.,  496.,  497.,  498.,  499.,  500.,  501.,  502.,  503.,
        504.,  505.,  506.,  507.,  508.,  509.,  510.,  511.,  512.,
        513.,  514.,  515.,  516.,  517.,  518.,  519.,  520.,  521.,
        522.,  523.,  524.,  525.,  526.,  527.,  528.,  529.,  530.,
        531.,  532.,  533.,  534.,  535.,  536.,  537.,  538.,  539.]))
(540 out of 540) Instances to keep are determined: 0.0, 1.0, 2.0, 3.0, 4.0, 5.0, 6.0, 7.0, 8.0, 9.0, 10.0, 11.0, 12.0, 13.0, 14.0, 15.0, 16.0, 17.0, 18.0, 19.0, 20.0, 21.0, 22.0, 23.0, 24.0, 25.0, 26.0, 27.0, 28.0, 29.0, 30.0, 31.0, 32.0, 33.0, 34.0, 35.0, 36.0, 37.0, 38.0, 39.0, 40.0, 41.0, 42.0, 43.0, 44.0, 45.0, 46.0, 47.0, 48.0, 49.0, 50.0, 51.0, 52.0, 53.0, 54.0, 55.0, 56.0, 57.0, 58.0, 59.0, 60.0, 61.0, 62.0, 63.0, 64.0, 65.0, 66.0, 67.0, 68.0, 69.0, 70.0, 71.0, 72.0, 73.0, 74.0, 75.0, 76.0, 77.0, 78.0, 79.0, 80.0, 81.0, 82.0, 83.0, 84.0, 85.0, 86.0, 87.0, 88.0, 89.0, 90.0, 91.0, 92.0, 93.0, 94.0, 95.0, 96.0, 97.0, 98.0, 99.0, 100.0, 101.0, 102.0, 103.0, 104.0, 105.0, 106.0, 107.0, 108.0, 109.0, 110.0, 111.0, 112.0, 113.0, 114.0, 115.0, 116.0, 117.0, 118.0, 119.0, 120.0, 121.0, 122.0, 123.0, 124.0, 125.0, 126.0, 127.0, 128.0, 129.0, 130.0, 131.0, 132.0, 133.0, 134.0, 135.0, 136.0, 137.0, 138.0, 139.0, 140.0, 141.0, 142.0, 143.0, 144.0, 145.0, 146.0, 147.0, 148.0, 149.0, 150.0, 151.0, 152.0, 153.0, 154.0, 155.0, 156.0, 157.0, 158.0, 159.0, 160.0, 161.0, 162.0, 163.0, 164.0, 165.0, 166.0, 167.0, 168.0, 169.0, 170.0, 171.0, 172.0, 173.0, 174.0, 175.0, 176.0, 177.0, 178.0, 179.0, 180.0, 181.0, 182.0, 183.0, 184.0, 185.0, 186.0, 187.0, 188.0, 189.0, 190.0, 191.0, 192.0, 193.0, 194.0, 195.0, 196.0, 197.0, 198.0, 199.0, 200.0, 201.0, 202.0, 203.0, 204.0, 205.0, 206.0, 207.0, 208.0, 209.0, 210.0, 211.0, 212.0, 213.0, 214.0, 215.0, 216.0, 217.0, 218.0, 219.0, 220.0, 221.0, 222.0, 223.0, 224.0, 225.0, 226.0, 227.0, 228.0, 229.0, 230.0, 231.0, 232.0, 233.0, 234.0, 235.0, 236.0, 237.0, 238.0, 239.0, 240.0, 241.0, 242.0, 243.0, 244.0, 245.0, 246.0, 247.0, 248.0, 249.0, 250.0, 251.0, 252.0, 253.0, 254.0, 255.0, 256.0, 257.0, 258.0, 259.0, 260.0, 261.0, 262.0, 263.0, 264.0, 265.0, 266.0, 267.0, 268.0, 269.0, 270.0, 271.0, 272.0, 273.0, 274.0, 275.0, 276.0, 277.0, 278.0, 279.0, 280.0, 281.0, 282.0, 283.0, 284.0, 285.0, 286.0, 287.0, 288.0, 289.0, 290.0, 291.0, 292.0, 293.0, 294.0, 295.0, 296.0, 297.0, 298.0, 299.0, 300.0, 301.0, 302.0, 303.0, 304.0, 305.0, 306.0, 307.0, 308.0, 309.0, 310.0, 311.0, 312.0, 313.0, 314.0, 315.0, 316.0, 317.0, 318.0, 319.0, 320.0, 321.0, 322.0, 323.0, 324.0, 325.0, 326.0, 327.0, 328.0, 329.0, 330.0, 331.0, 332.0, 333.0, 334.0, 335.0, 336.0, 337.0, 338.0, 339.0, 340.0, 341.0, 342.0, 343.0, 344.0, 345.0, 346.0, 347.0, 348.0, 349.0, 350.0, 351.0, 352.0, 353.0, 354.0, 355.0, 356.0, 357.0, 358.0, 359.0, 360.0, 361.0, 362.0, 363.0, 364.0, 365.0, 366.0, 367.0, 368.0, 369.0, 370.0, 371.0, 372.0, 373.0, 374.0, 375.0, 376.0, 377.0, 378.0, 379.0, 380.0, 381.0, 382.0, 383.0, 384.0, 385.0, 386.0, 387.0, 388.0, 389.0, 390.0, 391.0, 392.0, 393.0, 394.0, 395.0, 396.0, 397.0, 398.0, 399.0, 400.0, 401.0, 402.0, 403.0, 404.0, 405.0, 406.0, 407.0, 408.0, 409.0, 410.0, 411.0, 412.0, 413.0, 414.0, 415.0, 416.0, 417.0, 418.0, 419.0, 420.0, 421.0, 422.0, 423.0, 424.0, 425.0, 426.0, 427.0, 428.0, 429.0, 430.0, 431.0, 432.0, 433.0, 434.0, 435.0, 436.0, 437.0, 438.0, 439.0, 440.0, 441.0, 442.0, 443.0, 444.0, 445.0, 446.0, 447.0, 448.0, 449.0, 450.0, 451.0, 452.0, 453.0, 454.0, 455.0, 456.0, 457.0, 458.0, 459.0, 460.0, 461.0, 462.0, 463.0, 464.0, 465.0, 466.0, 467.0, 468.0, 469.0, 470.0, 471.0, 472.0, 473.0, 474.0, 475.0, 476.0, 477.0, 478.0, 479.0, 480.0, 481.0, 482.0, 483.0, 484.0, 485.0, 486.0, 487.0, 488.0, 489.0, 490.0, 491.0, 492.0, 493.0, 494.0, 495.0, 496.0, 497.0, 498.0, 499.0, 500.0, 501.0, 502.0, 503.0, 504.0, 505.0, 506.0, 507.0, 508.0, 509.0, 510.0, 511.0, 512.0, 513.0, 514.0, 515.0, 516.0, 517.0, 518.0, 519.0, 520.0, 521.0, 522.0, 523.0, 524.0, 525.0, 526.0, 527.0, 528.0, 529.0, 530.0, 531.0, 532.0, 533.0, 534.0, 535.0, 536.0, 537.0, 538.0, 539.0
% Backup Solver: sparrow2011_sparrow2011_ubcsat1.2_2011-03-02
% Input Instances for Training: 540 (-unsolvable)
% Used Instances for Training: 540 (-unsolvable)
% Train with RANDOMFOREST-CLASSVOTER
% PAR10 on current test set: 9580.62 (60 instances)
% >>> 2-th iteration<<<
('sr: ', array([ 3695.66521204,  1676.03118024,   545.78548317,   457.22911684]), ' - svd_k: ', 4)

opt_portfolio:  [0 0 0 0 0 0 0 0 0]
opt_portfolio v2:  set([0, 1, 2, 3, 4, 5, 6, 7, 8])
('top_ft_inx_arr: ', array([ 1,  2,  3,  8, 14, 15, 21, 22, 23, 24, 25, 26, 29, 30, 32, 33, 34,
       35, 38, 40, 42, 43, 44, 47, 49]))
ft_imp_total =  1.0
ft cv scores:  [ 0.33431652  0.14250841  0.33958341  0.26618827  0.36710764  0.30311809
  0.3804418   0.54362444  0.28329832  0.41431369]
top_ft_inx_arr:  [ 1  2  3  8 14 15 21 22 23 24 25 26 29 30 32 33 34 35 38 40 42 43 44 47 49]
(25 out of 50) Features to keep are determined: 1, 2, 3, 8, 14, 15, 21, 22, 23, 24, 25, 26, 29, 30, 32, 33, 34, 35, 38, 40, 42, 43, 44, 47, 49
('No algorithm subset selection, just get the optimal portfolio: ', '0, 1, 2, 3, 4, 5, 6, 7, 8')
(9 out of 9) Algorithms/solvers to keep are determined: 0, 1, 2, 3, 4, 5, 6, 7, 8
('inst_per_cls : ', array([   0.,    1.,    2.,    3.,    4.,    5.,    6.,    7.,    8.,
          9.,   10.,   11.,   12.,   13.,   14.,   15.,   16.,   17.,
         18.,   19.,   20.,   21.,   22.,   23.,   24.,   25.,   26.,
         27.,   28.,   29.,   30.,   31.,   32.,   33.,   34.,   35.,
         36.,   37.,   38.,   39.,   40.,   41.,   42.,   43.,   44.,
         45.,   46.,   47.,   48.,   49.,   50.,   51.,   52.,   53.,
         54.,   55.,   56.,   57.,   58.,   59.,   60.,   61.,   62.,
         63.,   64.,   65.,   66.,   67.,   68.,   69.,   70.,   71.,
         72.,   73.,   74.,   75.,   76.,   77.,   78.,   79.,   80.,
         81.,   82.,   83.,   84.,   85.,   86.,   87.,   88.,   89.,
         90.,   91.,   92.,   93.,   94.,   95.,   96.,   97.,   98.,
         99.,  100.,  101.,  102.,  103.,  104.,  105.,  106.,  107.,
        108.,  109.,  110.,  111.,  112.,  113.,  114.,  115.,  116.,
        117.,  118.,  119.,  120.,  121.,  122.,  123.,  124.,  125.,
        126.,  127.,  128.,  129.,  130.,  131.,  132.,  133.,  134.,
        135.,  136.,  137.,  138.,  139.,  140.,  141.,  142.,  143.,
        144.,  145.,  146.,  147.,  148.,  149.,  150.,  151.,  152.,
        153.,  154.,  155.,  156.,  157.,  158.,  159.,  160.,  161.,
        162.,  163.,  164.,  165.,  166.,  167.,  168.,  169.,  170.,
        171.,  172.,  173.,  174.,  175.,  176.,  177.,  178.,  179.,
        180.,  181.,  182.,  183.,  184.,  185.,  186.,  187.,  188.,
        189.,  190.,  191.,  192.,  193.,  194.,  195.,  196.,  197.,
        198.,  199.,  200.,  201.,  202.,  203.,  204.,  205.,  206.,
        207.,  208.,  209.,  210.,  211.,  212.,  213.,  214.,  215.,
        216.,  217.,  218.,  219.,  220.,  221.,  222.,  223.,  224.,
        225.,  226.,  227.,  228.,  229.,  230.,  231.,  232.,  233.,
        234.,  235.,  236.,  237.,  238.,  239.,  240.,  241.,  242.,
        243.,  244.,  245.,  246.,  247.,  248.,  249.,  250.,  251.,
        252.,  253.,  254.,  255.,  256.,  257.,  258.,  259.,  260.,
        261.,  262.,  263.,  264.,  265.,  266.,  267.,  268.,  269.,
        270.,  271.,  272.,  273.,  274.,  275.,  276.,  277.,  278.,
        279.,  280.,  281.,  282.,  283.,  284.,  285.,  286.,  287.,
        288.,  289.,  290.,  291.,  292.,  293.,  294.,  295.,  296.,
        297.,  298.,  299.,  300.,  301.,  302.,  303.,  304.,  305.,
        306.,  307.,  308.,  309.,  310.,  311.,  312.,  313.,  314.,
        315.,  316.,  317.,  318.,  319.,  320.,  321.,  322.,  323.,
        324.,  325.,  326.,  327.,  328.,  329.,  330.,  331.,  332.,
        333.,  334.,  335.,  336.,  337.,  338.,  339.,  340.,  341.,
        342.,  343.,  344.,  345.,  346.,  347.,  348.,  349.,  350.,
        351.,  352.,  353.,  354.,  355.,  356.,  357.,  358.,  359.,
        360.,  361.,  362.,  363.,  364.,  365.,  366.,  367.,  368.,
        369.,  370.,  371.,  372.,  373.,  374.,  375.,  376.,  377.,
        378.,  379.,  380.,  381.,  382.,  383.,  384.,  385.,  386.,
        387.,  388.,  389.,  390.,  391.,  392.,  393.,  394.,  395.,
        396.,  397.,  398.,  399.,  400.,  401.,  402.,  403.,  404.,
        405.,  406.,  407.,  408.,  409.,  410.,  411.,  412.,  413.,
        414.,  415.,  416.,  417.,  418.,  419.,  420.,  421.,  422.,
        423.,  424.,  425.,  426.,  427.,  428.,  429.,  430.,  431.,
        432.,  433.,  434.,  435.,  436.,  437.,  438.,  439.,  440.,
        441.,  442.,  443.,  444.,  445.,  446.,  447.,  448.,  449.,
        450.,  451.,  452.,  453.,  454.,  455.,  456.,  457.,  458.,
        459.,  460.,  461.,  462.,  463.,  464.,  465.,  466.,  467.,
        468.,  469.,  470.,  471.,  472.,  473.,  474.,  475.,  476.,
        477.,  478.,  479.,  480.,  481.,  482.,  483.,  484.,  485.,
        486.,  487.,  488.,  489.,  490.,  491.,  492.,  493.,  494.,
        495.,  496.,  497.,  498.,  499.,  500.,  501.,  502.,  503.,
        504.,  505.,  506.,  507.,  508.,  509.,  510.,  511.,  512.,
        513.,  514.,  515.,  516.,  517.,  518.,  519.,  520.,  521.,
        522.,  523.,  524.,  525.,  526.,  527.,  528.,  529.,  530.,
        531.,  532.,  533.,  534.,  535.,  536.,  537.,  538.,  539.]))
(540 out of 540) Instances to keep are determined: 0.0, 1.0, 2.0, 3.0, 4.0, 5.0, 6.0, 7.0, 8.0, 9.0, 10.0, 11.0, 12.0, 13.0, 14.0, 15.0, 16.0, 17.0, 18.0, 19.0, 20.0, 21.0, 22.0, 23.0, 24.0, 25.0, 26.0, 27.0, 28.0, 29.0, 30.0, 31.0, 32.0, 33.0, 34.0, 35.0, 36.0, 37.0, 38.0, 39.0, 40.0, 41.0, 42.0, 43.0, 44.0, 45.0, 46.0, 47.0, 48.0, 49.0, 50.0, 51.0, 52.0, 53.0, 54.0, 55.0, 56.0, 57.0, 58.0, 59.0, 60.0, 61.0, 62.0, 63.0, 64.0, 65.0, 66.0, 67.0, 68.0, 69.0, 70.0, 71.0, 72.0, 73.0, 74.0, 75.0, 76.0, 77.0, 78.0, 79.0, 80.0, 81.0, 82.0, 83.0, 84.0, 85.0, 86.0, 87.0, 88.0, 89.0, 90.0, 91.0, 92.0, 93.0, 94.0, 95.0, 96.0, 97.0, 98.0, 99.0, 100.0, 101.0, 102.0, 103.0, 104.0, 105.0, 106.0, 107.0, 108.0, 109.0, 110.0, 111.0, 112.0, 113.0, 114.0, 115.0, 116.0, 117.0, 118.0, 119.0, 120.0, 121.0, 122.0, 123.0, 124.0, 125.0, 126.0, 127.0, 128.0, 129.0, 130.0, 131.0, 132.0, 133.0, 134.0, 135.0, 136.0, 137.0, 138.0, 139.0, 140.0, 141.0, 142.0, 143.0, 144.0, 145.0, 146.0, 147.0, 148.0, 149.0, 150.0, 151.0, 152.0, 153.0, 154.0, 155.0, 156.0, 157.0, 158.0, 159.0, 160.0, 161.0, 162.0, 163.0, 164.0, 165.0, 166.0, 167.0, 168.0, 169.0, 170.0, 171.0, 172.0, 173.0, 174.0, 175.0, 176.0, 177.0, 178.0, 179.0, 180.0, 181.0, 182.0, 183.0, 184.0, 185.0, 186.0, 187.0, 188.0, 189.0, 190.0, 191.0, 192.0, 193.0, 194.0, 195.0, 196.0, 197.0, 198.0, 199.0, 200.0, 201.0, 202.0, 203.0, 204.0, 205.0, 206.0, 207.0, 208.0, 209.0, 210.0, 211.0, 212.0, 213.0, 214.0, 215.0, 216.0, 217.0, 218.0, 219.0, 220.0, 221.0, 222.0, 223.0, 224.0, 225.0, 226.0, 227.0, 228.0, 229.0, 230.0, 231.0, 232.0, 233.0, 234.0, 235.0, 236.0, 237.0, 238.0, 239.0, 240.0, 241.0, 242.0, 243.0, 244.0, 245.0, 246.0, 247.0, 248.0, 249.0, 250.0, 251.0, 252.0, 253.0, 254.0, 255.0, 256.0, 257.0, 258.0, 259.0, 260.0, 261.0, 262.0, 263.0, 264.0, 265.0, 266.0, 267.0, 268.0, 269.0, 270.0, 271.0, 272.0, 273.0, 274.0, 275.0, 276.0, 277.0, 278.0, 279.0, 280.0, 281.0, 282.0, 283.0, 284.0, 285.0, 286.0, 287.0, 288.0, 289.0, 290.0, 291.0, 292.0, 293.0, 294.0, 295.0, 296.0, 297.0, 298.0, 299.0, 300.0, 301.0, 302.0, 303.0, 304.0, 305.0, 306.0, 307.0, 308.0, 309.0, 310.0, 311.0, 312.0, 313.0, 314.0, 315.0, 316.0, 317.0, 318.0, 319.0, 320.0, 321.0, 322.0, 323.0, 324.0, 325.0, 326.0, 327.0, 328.0, 329.0, 330.0, 331.0, 332.0, 333.0, 334.0, 335.0, 336.0, 337.0, 338.0, 339.0, 340.0, 341.0, 342.0, 343.0, 344.0, 345.0, 346.0, 347.0, 348.0, 349.0, 350.0, 351.0, 352.0, 353.0, 354.0, 355.0, 356.0, 357.0, 358.0, 359.0, 360.0, 361.0, 362.0, 363.0, 364.0, 365.0, 366.0, 367.0, 368.0, 369.0, 370.0, 371.0, 372.0, 373.0, 374.0, 375.0, 376.0, 377.0, 378.0, 379.0, 380.0, 381.0, 382.0, 383.0, 384.0, 385.0, 386.0, 387.0, 388.0, 389.0, 390.0, 391.0, 392.0, 393.0, 394.0, 395.0, 396.0, 397.0, 398.0, 399.0, 400.0, 401.0, 402.0, 403.0, 404.0, 405.0, 406.0, 407.0, 408.0, 409.0, 410.0, 411.0, 412.0, 413.0, 414.0, 415.0, 416.0, 417.0, 418.0, 419.0, 420.0, 421.0, 422.0, 423.0, 424.0, 425.0, 426.0, 427.0, 428.0, 429.0, 430.0, 431.0, 432.0, 433.0, 434.0, 435.0, 436.0, 437.0, 438.0, 439.0, 440.0, 441.0, 442.0, 443.0, 444.0, 445.0, 446.0, 447.0, 448.0, 449.0, 450.0, 451.0, 452.0, 453.0, 454.0, 455.0, 456.0, 457.0, 458.0, 459.0, 460.0, 461.0, 462.0, 463.0, 464.0, 465.0, 466.0, 467.0, 468.0, 469.0, 470.0, 471.0, 472.0, 473.0, 474.0, 475.0, 476.0, 477.0, 478.0, 479.0, 480.0, 481.0, 482.0, 483.0, 484.0, 485.0, 486.0, 487.0, 488.0, 489.0, 490.0, 491.0, 492.0, 493.0, 494.0, 495.0, 496.0, 497.0, 498.0, 499.0, 500.0, 501.0, 502.0, 503.0, 504.0, 505.0, 506.0, 507.0, 508.0, 509.0, 510.0, 511.0, 512.0, 513.0, 514.0, 515.0, 516.0, 517.0, 518.0, 519.0, 520.0, 521.0, 522.0, 523.0, 524.0, 525.0, 526.0, 527.0, 528.0, 529.0, 530.0, 531.0, 532.0, 533.0, 534.0, 535.0, 536.0, 537.0, 538.0, 539.0
% Backup Solver: sparrow2011_sparrow2011_ubcsat1.2_2011-03-02
% Input Instances for Training: 540 (-unsolvable)
% Used Instances for Training: 540 (-unsolvable)
% Train with RANDOMFOREST-CLASSVOTER
% PAR10 on current test set: 11839.65 (60 instances)
% >>> 3-th iteration<<<
('sr: ', array([ 3739.54825469,  1685.66046934,   544.41357535,   470.09360858]), ' - svd_k: ', 4)

opt_portfolio:  [0 0 0 0 0 0 0 0 0]
opt_portfolio v2:  set([0, 1, 2, 3, 4, 5, 6, 7, 8])
('top_ft_inx_arr: ', array([ 1,  2,  3,  8, 11, 14, 21, 22, 23, 24, 25, 26, 28, 29, 30, 31, 32,
       33, 34, 35, 38, 40, 44, 45, 49]))
ft_imp_total =  1.0
ft cv scores:  [ 0.31121061  0.10707754  0.27807266  0.24633108  0.37663841  0.28874542
  0.39272647  0.45366338  0.20838751  0.42952918]
top_ft_inx_arr:  [ 1  2  3  8 11 14 21 22 23 24 25 26 28 29 30 31 32 33 34 35 38 40 44 45 49]
(25 out of 50) Features to keep are determined: 1, 2, 3, 8, 11, 14, 21, 22, 23, 24, 25, 26, 28, 29, 30, 31, 32, 33, 34, 35, 38, 40, 44, 45, 49
('No algorithm subset selection, just get the optimal portfolio: ', '0, 1, 2, 3, 4, 5, 6, 7, 8')
(9 out of 9) Algorithms/solvers to keep are determined: 0, 1, 2, 3, 4, 5, 6, 7, 8
('inst_per_cls : ', array([   0.,    1.,    2.,    3.,    4.,    5.,    6.,    7.,    8.,
          9.,   10.,   11.,   12.,   13.,   14.,   15.,   16.,   17.,
         18.,   19.,   20.,   21.,   22.,   23.,   24.,   25.,   26.,
         27.,   28.,   29.,   30.,   31.,   32.,   33.,   34.,   35.,
         36.,   37.,   38.,   39.,   40.,   41.,   42.,   43.,   44.,
         45.,   46.,   47.,   48.,   49.,   50.,   51.,   52.,   53.,
         54.,   55.,   56.,   57.,   58.,   59.,   60.,   61.,   62.,
         63.,   64.,   65.,   66.,   67.,   68.,   69.,   70.,   71.,
         72.,   73.,   74.,   75.,   76.,   77.,   78.,   79.,   80.,
         81.,   82.,   83.,   84.,   85.,   86.,   87.,   88.,   89.,
         90.,   91.,   92.,   93.,   94.,   95.,   96.,   97.,   98.,
         99.,  100.,  101.,  102.,  103.,  104.,  105.,  106.,  107.,
        108.,  109.,  110.,  111.,  112.,  113.,  114.,  115.,  116.,
        117.,  118.,  119.,  120.,  121.,  122.,  123.,  124.,  125.,
        126.,  127.,  128.,  129.,  130.,  131.,  132.,  133.,  134.,
        135.,  136.,  137.,  138.,  139.,  140.,  141.,  142.,  143.,
        144.,  145.,  146.,  147.,  148.,  149.,  150.,  151.,  152.,
        153.,  154.,  155.,  156.,  157.,  158.,  159.,  160.,  161.,
        162.,  163.,  164.,  165.,  166.,  167.,  168.,  169.,  170.,
        171.,  172.,  173.,  174.,  175.,  176.,  177.,  178.,  179.,
        180.,  181.,  182.,  183.,  184.,  185.,  186.,  187.,  188.,
        189.,  190.,  191.,  192.,  193.,  194.,  195.,  196.,  197.,
        198.,  199.,  200.,  201.,  202.,  203.,  204.,  205.,  206.,
        207.,  208.,  209.,  210.,  211.,  212.,  213.,  214.,  215.,
        216.,  217.,  218.,  219.,  220.,  221.,  222.,  223.,  224.,
        225.,  226.,  227.,  228.,  229.,  230.,  231.,  232.,  233.,
        234.,  235.,  236.,  237.,  238.,  239.,  240.,  241.,  242.,
        243.,  244.,  245.,  246.,  247.,  248.,  249.,  250.,  251.,
        252.,  253.,  254.,  255.,  256.,  257.,  258.,  259.,  260.,
        261.,  262.,  263.,  264.,  265.,  266.,  267.,  268.,  269.,
        270.,  271.,  272.,  273.,  274.,  275.,  276.,  277.,  278.,
        279.,  280.,  281.,  282.,  283.,  284.,  285.,  286.,  287.,
        288.,  289.,  290.,  291.,  292.,  293.,  294.,  295.,  296.,
        297.,  298.,  299.,  300.,  301.,  302.,  303.,  304.,  305.,
        306.,  307.,  308.,  309.,  310.,  311.,  312.,  313.,  314.,
        315.,  316.,  317.,  318.,  319.,  320.,  321.,  322.,  323.,
        324.,  325.,  326.,  327.,  328.,  329.,  330.,  331.,  332.,
        333.,  334.,  335.,  336.,  337.,  338.,  339.,  340.,  341.,
        342.,  343.,  344.,  345.,  346.,  347.,  348.,  349.,  350.,
        351.,  352.,  353.,  354.,  355.,  356.,  357.,  358.,  359.,
        360.,  361.,  362.,  363.,  364.,  365.,  366.,  367.,  368.,
        369.,  370.,  371.,  372.,  373.,  374.,  375.,  376.,  377.,
        378.,  379.,  380.,  381.,  382.,  383.,  384.,  385.,  386.,
        387.,  388.,  389.,  390.,  391.,  392.,  393.,  394.,  395.,
        396.,  397.,  398.,  399.,  400.,  401.,  402.,  403.,  404.,
        405.,  406.,  407.,  408.,  409.,  410.,  411.,  412.,  413.,
        414.,  415.,  416.,  417.,  418.,  419.,  420.,  421.,  422.,
        423.,  424.,  425.,  426.,  427.,  428.,  429.,  430.,  431.,
        432.,  433.,  434.,  435.,  436.,  437.,  438.,  439.,  440.,
        441.,  442.,  443.,  444.,  445.,  446.,  447.,  448.,  449.,
        450.,  451.,  452.,  453.,  454.,  455.,  456.,  457.,  458.,
        459.,  460.,  461.,  462.,  463.,  464.,  465.,  466.,  467.,
        468.,  469.,  470.,  471.,  472.,  473.,  474.,  475.,  476.,
        477.,  478.,  479.,  480.,  481.,  482.,  483.,  484.,  485.,
        486.,  487.,  488.,  489.,  490.,  491.,  492.,  493.,  494.,
        495.,  496.,  497.,  498.,  499.,  500.,  501.,  502.,  503.,
        504.,  505.,  506.,  507.,  508.,  509.,  510.,  511.,  512.,
        513.,  514.,  515.,  516.,  517.,  518.,  519.,  520.,  521.,
        522.,  523.,  524.,  525.,  526.,  527.,  528.,  529.,  530.,
        531.,  532.,  533.,  534.,  535.,  536.,  537.,  538.,  539.]))
(540 out of 540) Instances to keep are determined: 0.0, 1.0, 2.0, 3.0, 4.0, 5.0, 6.0, 7.0, 8.0, 9.0, 10.0, 11.0, 12.0, 13.0, 14.0, 15.0, 16.0, 17.0, 18.0, 19.0, 20.0, 21.0, 22.0, 23.0, 24.0, 25.0, 26.0, 27.0, 28.0, 29.0, 30.0, 31.0, 32.0, 33.0, 34.0, 35.0, 36.0, 37.0, 38.0, 39.0, 40.0, 41.0, 42.0, 43.0, 44.0, 45.0, 46.0, 47.0, 48.0, 49.0, 50.0, 51.0, 52.0, 53.0, 54.0, 55.0, 56.0, 57.0, 58.0, 59.0, 60.0, 61.0, 62.0, 63.0, 64.0, 65.0, 66.0, 67.0, 68.0, 69.0, 70.0, 71.0, 72.0, 73.0, 74.0, 75.0, 76.0, 77.0, 78.0, 79.0, 80.0, 81.0, 82.0, 83.0, 84.0, 85.0, 86.0, 87.0, 88.0, 89.0, 90.0, 91.0, 92.0, 93.0, 94.0, 95.0, 96.0, 97.0, 98.0, 99.0, 100.0, 101.0, 102.0, 103.0, 104.0, 105.0, 106.0, 107.0, 108.0, 109.0, 110.0, 111.0, 112.0, 113.0, 114.0, 115.0, 116.0, 117.0, 118.0, 119.0, 120.0, 121.0, 122.0, 123.0, 124.0, 125.0, 126.0, 127.0, 128.0, 129.0, 130.0, 131.0, 132.0, 133.0, 134.0, 135.0, 136.0, 137.0, 138.0, 139.0, 140.0, 141.0, 142.0, 143.0, 144.0, 145.0, 146.0, 147.0, 148.0, 149.0, 150.0, 151.0, 152.0, 153.0, 154.0, 155.0, 156.0, 157.0, 158.0, 159.0, 160.0, 161.0, 162.0, 163.0, 164.0, 165.0, 166.0, 167.0, 168.0, 169.0, 170.0, 171.0, 172.0, 173.0, 174.0, 175.0, 176.0, 177.0, 178.0, 179.0, 180.0, 181.0, 182.0, 183.0, 184.0, 185.0, 186.0, 187.0, 188.0, 189.0, 190.0, 191.0, 192.0, 193.0, 194.0, 195.0, 196.0, 197.0, 198.0, 199.0, 200.0, 201.0, 202.0, 203.0, 204.0, 205.0, 206.0, 207.0, 208.0, 209.0, 210.0, 211.0, 212.0, 213.0, 214.0, 215.0, 216.0, 217.0, 218.0, 219.0, 220.0, 221.0, 222.0, 223.0, 224.0, 225.0, 226.0, 227.0, 228.0, 229.0, 230.0, 231.0, 232.0, 233.0, 234.0, 235.0, 236.0, 237.0, 238.0, 239.0, 240.0, 241.0, 242.0, 243.0, 244.0, 245.0, 246.0, 247.0, 248.0, 249.0, 250.0, 251.0, 252.0, 253.0, 254.0, 255.0, 256.0, 257.0, 258.0, 259.0, 260.0, 261.0, 262.0, 263.0, 264.0, 265.0, 266.0, 267.0, 268.0, 269.0, 270.0, 271.0, 272.0, 273.0, 274.0, 275.0, 276.0, 277.0, 278.0, 279.0, 280.0, 281.0, 282.0, 283.0, 284.0, 285.0, 286.0, 287.0, 288.0, 289.0, 290.0, 291.0, 292.0, 293.0, 294.0, 295.0, 296.0, 297.0, 298.0, 299.0, 300.0, 301.0, 302.0, 303.0, 304.0, 305.0, 306.0, 307.0, 308.0, 309.0, 310.0, 311.0, 312.0, 313.0, 314.0, 315.0, 316.0, 317.0, 318.0, 319.0, 320.0, 321.0, 322.0, 323.0, 324.0, 325.0, 326.0, 327.0, 328.0, 329.0, 330.0, 331.0, 332.0, 333.0, 334.0, 335.0, 336.0, 337.0, 338.0, 339.0, 340.0, 341.0, 342.0, 343.0, 344.0, 345.0, 346.0, 347.0, 348.0, 349.0, 350.0, 351.0, 352.0, 353.0, 354.0, 355.0, 356.0, 357.0, 358.0, 359.0, 360.0, 361.0, 362.0, 363.0, 364.0, 365.0, 366.0, 367.0, 368.0, 369.0, 370.0, 371.0, 372.0, 373.0, 374.0, 375.0, 376.0, 377.0, 378.0, 379.0, 380.0, 381.0, 382.0, 383.0, 384.0, 385.0, 386.0, 387.0, 388.0, 389.0, 390.0, 391.0, 392.0, 393.0, 394.0, 395.0, 396.0, 397.0, 398.0, 399.0, 400.0, 401.0, 402.0, 403.0, 404.0, 405.0, 406.0, 407.0, 408.0, 409.0, 410.0, 411.0, 412.0, 413.0, 414.0, 415.0, 416.0, 417.0, 418.0, 419.0, 420.0, 421.0, 422.0, 423.0, 424.0, 425.0, 426.0, 427.0, 428.0, 429.0, 430.0, 431.0, 432.0, 433.0, 434.0, 435.0, 436.0, 437.0, 438.0, 439.0, 440.0, 441.0, 442.0, 443.0, 444.0, 445.0, 446.0, 447.0, 448.0, 449.0, 450.0, 451.0, 452.0, 453.0, 454.0, 455.0, 456.0, 457.0, 458.0, 459.0, 460.0, 461.0, 462.0, 463.0, 464.0, 465.0, 466.0, 467.0, 468.0, 469.0, 470.0, 471.0, 472.0, 473.0, 474.0, 475.0, 476.0, 477.0, 478.0, 479.0, 480.0, 481.0, 482.0, 483.0, 484.0, 485.0, 486.0, 487.0, 488.0, 489.0, 490.0, 491.0, 492.0, 493.0, 494.0, 495.0, 496.0, 497.0, 498.0, 499.0, 500.0, 501.0, 502.0, 503.0, 504.0, 505.0, 506.0, 507.0, 508.0, 509.0, 510.0, 511.0, 512.0, 513.0, 514.0, 515.0, 516.0, 517.0, 518.0, 519.0, 520.0, 521.0, 522.0, 523.0, 524.0, 525.0, 526.0, 527.0, 528.0, 529.0, 530.0, 531.0, 532.0, 533.0, 534.0, 535.0, 536.0, 537.0, 538.0, 539.0
% Backup Solver: sparrow2011_sparrow2011_ubcsat1.2_2011-03-02
% Input Instances for Training: 540 (-unsolvable)
% Used Instances for Training: 540 (-unsolvable)
% Train with RANDOMFOREST-CLASSVOTER
% PAR10 on current test set: 7617.87 (60 instances)
% >>> 4-th iteration<<<
('sr: ', array([ 3634.0065206 ,  1710.22900551,   532.54198042,   463.52531686]), ' - svd_k: ', 4)

opt_portfolio:  [0 0 0 0 0 0 0 0 0]
opt_portfolio v2:  set([0, 1, 2, 3, 4, 5, 6, 7, 8])
('top_ft_inx_arr: ', array([ 0,  1,  2,  3,  7,  8, 12, 15, 21, 22, 23, 24, 25, 26, 29, 30, 31,
       32, 33, 34, 35, 44, 45, 46, 49]))
ft_imp_total =  1.0
ft cv scores:  [ 0.36504817  0.15131741  0.28987567  0.28249641  0.41901768  0.23328556
  0.32022482  0.44981004  0.3485876   0.4557785 ]
top_ft_inx_arr:  [ 0  1  2  3  7  8 12 15 21 22 23 24 25 26 29 30 31 32 33 34 35 44 45 46 49]
(25 out of 50) Features to keep are determined: 0, 1, 2, 3, 7, 8, 12, 15, 21, 22, 23, 24, 25, 26, 29, 30, 31, 32, 33, 34, 35, 44, 45, 46, 49
('No algorithm subset selection, just get the optimal portfolio: ', '0, 1, 2, 3, 4, 5, 6, 7, 8')
(9 out of 9) Algorithms/solvers to keep are determined: 0, 1, 2, 3, 4, 5, 6, 7, 8
('inst_per_cls : ', array([   0.,    1.,    2.,    3.,    4.,    5.,    6.,    7.,    8.,
          9.,   10.,   11.,   12.,   13.,   14.,   15.,   16.,   17.,
         18.,   19.,   20.,   21.,   22.,   23.,   24.,   25.,   26.,
         27.,   28.,   29.,   30.,   31.,   32.,   33.,   34.,   35.,
         36.,   37.,   38.,   39.,   40.,   41.,   42.,   43.,   44.,
         45.,   46.,   47.,   48.,   49.,   50.,   51.,   52.,   53.,
         54.,   55.,   56.,   57.,   58.,   59.,   60.,   61.,   62.,
         63.,   64.,   65.,   66.,   67.,   68.,   69.,   70.,   71.,
         72.,   73.,   74.,   75.,   76.,   77.,   78.,   79.,   80.,
         81.,   82.,   83.,   84.,   85.,   86.,   87.,   88.,   89.,
         90.,   91.,   92.,   93.,   94.,   95.,   96.,   97.,   98.,
         99.,  100.,  101.,  102.,  103.,  104.,  105.,  106.,  107.,
        108.,  109.,  110.,  111.,  112.,  113.,  114.,  115.,  116.,
        117.,  118.,  119.,  120.,  121.,  122.,  123.,  124.,  125.,
        126.,  127.,  128.,  129.,  130.,  131.,  132.,  133.,  134.,
        135.,  136.,  137.,  138.,  139.,  140.,  141.,  142.,  143.,
        144.,  145.,  146.,  147.,  148.,  149.,  150.,  151.,  152.,
        153.,  154.,  155.,  156.,  157.,  158.,  159.,  160.,  161.,
        162.,  163.,  164.,  165.,  166.,  167.,  168.,  169.,  170.,
        171.,  172.,  173.,  174.,  175.,  176.,  177.,  178.,  179.,
        180.,  181.,  182.,  183.,  184.,  185.,  186.,  187.,  188.,
        189.,  190.,  191.,  192.,  193.,  194.,  195.,  196.,  197.,
        198.,  199.,  200.,  201.,  202.,  203.,  204.,  205.,  206.,
        207.,  208.,  209.,  210.,  211.,  212.,  213.,  214.,  215.,
        216.,  217.,  218.,  219.,  220.,  221.,  222.,  223.,  224.,
        225.,  226.,  227.,  228.,  229.,  230.,  231.,  232.,  233.,
        234.,  235.,  236.,  237.,  238.,  239.,  240.,  241.,  242.,
        243.,  244.,  245.,  246.,  247.,  248.,  249.,  250.,  251.,
        252.,  253.,  254.,  255.,  256.,  257.,  258.,  259.,  260.,
        261.,  262.,  263.,  264.,  265.,  266.,  267.,  268.,  269.,
        270.,  271.,  272.,  273.,  274.,  275.,  276.,  277.,  278.,
        279.,  280.,  281.,  282.,  283.,  284.,  285.,  286.,  287.,
        288.,  289.,  290.,  291.,  292.,  293.,  294.,  295.,  296.,
        297.,  298.,  299.,  300.,  301.,  302.,  303.,  304.,  305.,
        306.,  307.,  308.,  309.,  310.,  311.,  312.,  313.,  314.,
        315.,  316.,  317.,  318.,  319.,  320.,  321.,  322.,  323.,
        324.,  325.,  326.,  327.,  328.,  329.,  330.,  331.,  332.,
        333.,  334.,  335.,  336.,  337.,  338.,  339.,  340.,  341.,
        342.,  343.,  344.,  345.,  346.,  347.,  348.,  349.,  350.,
        351.,  352.,  353.,  354.,  355.,  356.,  357.,  358.,  359.,
        360.,  361.,  362.,  363.,  364.,  365.,  366.,  367.,  368.,
        369.,  370.,  371.,  372.,  373.,  374.,  375.,  376.,  377.,
        378.,  379.,  380.,  381.,  382.,  383.,  384.,  385.,  386.,
        387.,  388.,  389.,  390.,  391.,  392.,  393.,  394.,  395.,
        396.,  397.,  398.,  399.,  400.,  401.,  402.,  403.,  404.,
        405.,  406.,  407.,  408.,  409.,  410.,  411.,  412.,  413.,
        414.,  415.,  416.,  417.,  418.,  419.,  420.,  421.,  422.,
        423.,  424.,  425.,  426.,  427.,  428.,  429.,  430.,  431.,
        432.,  433.,  434.,  435.,  436.,  437.,  438.,  439.,  440.,
        441.,  442.,  443.,  444.,  445.,  446.,  447.,  448.,  449.,
        450.,  451.,  452.,  453.,  454.,  455.,  456.,  457.,  458.,
        459.,  460.,  461.,  462.,  463.,  464.,  465.,  466.,  467.,
        468.,  469.,  470.,  471.,  472.,  473.,  474.,  475.,  476.,
        477.,  478.,  479.,  480.,  481.,  482.,  483.,  484.,  485.,
        486.,  487.,  488.,  489.,  490.,  491.,  492.,  493.,  494.,
        495.,  496.,  497.,  498.,  499.,  500.,  501.,  502.,  503.,
        504.,  505.,  506.,  507.,  508.,  509.,  510.,  511.,  512.,
        513.,  514.,  515.,  516.,  517.,  518.,  519.,  520.,  521.,
        522.,  523.,  524.,  525.,  526.,  527.,  528.,  529.,  530.,
        531.,  532.,  533.,  534.,  535.,  536.,  537.,  538.,  539.]))
(540 out of 540) Instances to keep are determined: 0.0, 1.0, 2.0, 3.0, 4.0, 5.0, 6.0, 7.0, 8.0, 9.0, 10.0, 11.0, 12.0, 13.0, 14.0, 15.0, 16.0, 17.0, 18.0, 19.0, 20.0, 21.0, 22.0, 23.0, 24.0, 25.0, 26.0, 27.0, 28.0, 29.0, 30.0, 31.0, 32.0, 33.0, 34.0, 35.0, 36.0, 37.0, 38.0, 39.0, 40.0, 41.0, 42.0, 43.0, 44.0, 45.0, 46.0, 47.0, 48.0, 49.0, 50.0, 51.0, 52.0, 53.0, 54.0, 55.0, 56.0, 57.0, 58.0, 59.0, 60.0, 61.0, 62.0, 63.0, 64.0, 65.0, 66.0, 67.0, 68.0, 69.0, 70.0, 71.0, 72.0, 73.0, 74.0, 75.0, 76.0, 77.0, 78.0, 79.0, 80.0, 81.0, 82.0, 83.0, 84.0, 85.0, 86.0, 87.0, 88.0, 89.0, 90.0, 91.0, 92.0, 93.0, 94.0, 95.0, 96.0, 97.0, 98.0, 99.0, 100.0, 101.0, 102.0, 103.0, 104.0, 105.0, 106.0, 107.0, 108.0, 109.0, 110.0, 111.0, 112.0, 113.0, 114.0, 115.0, 116.0, 117.0, 118.0, 119.0, 120.0, 121.0, 122.0, 123.0, 124.0, 125.0, 126.0, 127.0, 128.0, 129.0, 130.0, 131.0, 132.0, 133.0, 134.0, 135.0, 136.0, 137.0, 138.0, 139.0, 140.0, 141.0, 142.0, 143.0, 144.0, 145.0, 146.0, 147.0, 148.0, 149.0, 150.0, 151.0, 152.0, 153.0, 154.0, 155.0, 156.0, 157.0, 158.0, 159.0, 160.0, 161.0, 162.0, 163.0, 164.0, 165.0, 166.0, 167.0, 168.0, 169.0, 170.0, 171.0, 172.0, 173.0, 174.0, 175.0, 176.0, 177.0, 178.0, 179.0, 180.0, 181.0, 182.0, 183.0, 184.0, 185.0, 186.0, 187.0, 188.0, 189.0, 190.0, 191.0, 192.0, 193.0, 194.0, 195.0, 196.0, 197.0, 198.0, 199.0, 200.0, 201.0, 202.0, 203.0, 204.0, 205.0, 206.0, 207.0, 208.0, 209.0, 210.0, 211.0, 212.0, 213.0, 214.0, 215.0, 216.0, 217.0, 218.0, 219.0, 220.0, 221.0, 222.0, 223.0, 224.0, 225.0, 226.0, 227.0, 228.0, 229.0, 230.0, 231.0, 232.0, 233.0, 234.0, 235.0, 236.0, 237.0, 238.0, 239.0, 240.0, 241.0, 242.0, 243.0, 244.0, 245.0, 246.0, 247.0, 248.0, 249.0, 250.0, 251.0, 252.0, 253.0, 254.0, 255.0, 256.0, 257.0, 258.0, 259.0, 260.0, 261.0, 262.0, 263.0, 264.0, 265.0, 266.0, 267.0, 268.0, 269.0, 270.0, 271.0, 272.0, 273.0, 274.0, 275.0, 276.0, 277.0, 278.0, 279.0, 280.0, 281.0, 282.0, 283.0, 284.0, 285.0, 286.0, 287.0, 288.0, 289.0, 290.0, 291.0, 292.0, 293.0, 294.0, 295.0, 296.0, 297.0, 298.0, 299.0, 300.0, 301.0, 302.0, 303.0, 304.0, 305.0, 306.0, 307.0, 308.0, 309.0, 310.0, 311.0, 312.0, 313.0, 314.0, 315.0, 316.0, 317.0, 318.0, 319.0, 320.0, 321.0, 322.0, 323.0, 324.0, 325.0, 326.0, 327.0, 328.0, 329.0, 330.0, 331.0, 332.0, 333.0, 334.0, 335.0, 336.0, 337.0, 338.0, 339.0, 340.0, 341.0, 342.0, 343.0, 344.0, 345.0, 346.0, 347.0, 348.0, 349.0, 350.0, 351.0, 352.0, 353.0, 354.0, 355.0, 356.0, 357.0, 358.0, 359.0, 360.0, 361.0, 362.0, 363.0, 364.0, 365.0, 366.0, 367.0, 368.0, 369.0, 370.0, 371.0, 372.0, 373.0, 374.0, 375.0, 376.0, 377.0, 378.0, 379.0, 380.0, 381.0, 382.0, 383.0, 384.0, 385.0, 386.0, 387.0, 388.0, 389.0, 390.0, 391.0, 392.0, 393.0, 394.0, 395.0, 396.0, 397.0, 398.0, 399.0, 400.0, 401.0, 402.0, 403.0, 404.0, 405.0, 406.0, 407.0, 408.0, 409.0, 410.0, 411.0, 412.0, 413.0, 414.0, 415.0, 416.0, 417.0, 418.0, 419.0, 420.0, 421.0, 422.0, 423.0, 424.0, 425.0, 426.0, 427.0, 428.0, 429.0, 430.0, 431.0, 432.0, 433.0, 434.0, 435.0, 436.0, 437.0, 438.0, 439.0, 440.0, 441.0, 442.0, 443.0, 444.0, 445.0, 446.0, 447.0, 448.0, 449.0, 450.0, 451.0, 452.0, 453.0, 454.0, 455.0, 456.0, 457.0, 458.0, 459.0, 460.0, 461.0, 462.0, 463.0, 464.0, 465.0, 466.0, 467.0, 468.0, 469.0, 470.0, 471.0, 472.0, 473.0, 474.0, 475.0, 476.0, 477.0, 478.0, 479.0, 480.0, 481.0, 482.0, 483.0, 484.0, 485.0, 486.0, 487.0, 488.0, 489.0, 490.0, 491.0, 492.0, 493.0, 494.0, 495.0, 496.0, 497.0, 498.0, 499.0, 500.0, 501.0, 502.0, 503.0, 504.0, 505.0, 506.0, 507.0, 508.0, 509.0, 510.0, 511.0, 512.0, 513.0, 514.0, 515.0, 516.0, 517.0, 518.0, 519.0, 520.0, 521.0, 522.0, 523.0, 524.0, 525.0, 526.0, 527.0, 528.0, 529.0, 530.0, 531.0, 532.0, 533.0, 534.0, 535.0, 536.0, 537.0, 538.0, 539.0
% Backup Solver: MPhaseSAT_M_2011-02-16
% Input Instances for Training: 540 (-unsolvable)
% Used Instances for Training: 540 (-unsolvable)
% Train with RANDOMFOREST-CLASSVOTER
% PAR10 on current test set: 16934.66 (60 instances)
% >>> 5-th iteration<<<
('sr: ', array([ 3689.03236756,  1677.84727561,   543.33943181,   467.91116619]), ' - svd_k: ', 4)

opt_portfolio:  [0 0 0 0 0 0 0 0 0]
opt_portfolio v2:  set([0, 1, 2, 3, 4, 5, 6, 7, 8])
('top_ft_inx_arr: ', array([ 0,  2,  3,  7, 14, 19, 22, 23, 24, 25, 26, 28, 29, 30, 31, 32, 33,
       34, 35, 36, 38, 41, 44, 45, 49]))
ft_imp_total =  1.0
ft cv scores:  [ 0.19296423  0.20806014  0.27353738  0.30297769  0.48691449  0.28634332
  0.47770097  0.41587837  0.26528559  0.49322353]
top_ft_inx_arr:  [ 0  2  3  7 14 19 22 23 24 25 26 28 29 30 31 32 33 34 35 36 38 41 44 45 49]
(25 out of 50) Features to keep are determined: 0, 2, 3, 7, 14, 19, 22, 23, 24, 25, 26, 28, 29, 30, 31, 32, 33, 34, 35, 36, 38, 41, 44, 45, 49
('No algorithm subset selection, just get the optimal portfolio: ', '0, 1, 2, 3, 4, 5, 6, 7, 8')
(9 out of 9) Algorithms/solvers to keep are determined: 0, 1, 2, 3, 4, 5, 6, 7, 8
('inst_per_cls : ', array([   0.,    1.,    2.,    3.,    4.,    5.,    6.,    7.,    8.,
          9.,   10.,   11.,   12.,   13.,   14.,   15.,   16.,   17.,
         18.,   19.,   20.,   21.,   22.,   23.,   24.,   25.,   26.,
         27.,   28.,   29.,   30.,   31.,   32.,   33.,   34.,   35.,
         36.,   37.,   38.,   39.,   40.,   41.,   42.,   43.,   44.,
         45.,   46.,   47.,   48.,   49.,   50.,   51.,   52.,   53.,
         54.,   55.,   56.,   57.,   58.,   59.,   60.,   61.,   62.,
         63.,   64.,   65.,   66.,   67.,   68.,   69.,   70.,   71.,
         72.,   73.,   74.,   75.,   76.,   77.,   78.,   79.,   80.,
         81.,   82.,   83.,   84.,   85.,   86.,   87.,   88.,   89.,
         90.,   91.,   92.,   93.,   94.,   95.,   96.,   97.,   98.,
         99.,  100.,  101.,  102.,  103.,  104.,  105.,  106.,  107.,
        108.,  109.,  110.,  111.,  112.,  113.,  114.,  115.,  116.,
        117.,  118.,  119.,  120.,  121.,  122.,  123.,  124.,  125.,
        126.,  127.,  128.,  129.,  130.,  131.,  132.,  133.,  134.,
        135.,  136.,  137.,  138.,  139.,  140.,  141.,  142.,  143.,
        144.,  145.,  146.,  147.,  148.,  149.,  150.,  151.,  152.,
        153.,  154.,  155.,  156.,  157.,  158.,  159.,  160.,  161.,
        162.,  163.,  164.,  165.,  166.,  167.,  168.,  169.,  170.,
        171.,  172.,  173.,  174.,  175.,  176.,  177.,  178.,  179.,
        180.,  181.,  182.,  183.,  184.,  185.,  186.,  187.,  188.,
        189.,  190.,  191.,  192.,  193.,  194.,  195.,  196.,  197.,
        198.,  199.,  200.,  201.,  202.,  203.,  204.,  205.,  206.,
        207.,  208.,  209.,  210.,  211.,  212.,  213.,  214.,  215.,
        216.,  217.,  218.,  219.,  220.,  221.,  222.,  223.,  224.,
        225.,  226.,  227.,  228.,  229.,  230.,  231.,  232.,  233.,
        234.,  235.,  236.,  237.,  238.,  239.,  240.,  241.,  242.,
        243.,  244.,  245.,  246.,  247.,  248.,  249.,  250.,  251.,
        252.,  253.,  254.,  255.,  256.,  257.,  258.,  259.,  260.,
        261.,  262.,  263.,  264.,  265.,  266.,  267.,  268.,  269.,
        270.,  271.,  272.,  273.,  274.,  275.,  276.,  277.,  278.,
        279.,  280.,  281.,  282.,  283.,  284.,  285.,  286.,  287.,
        288.,  289.,  290.,  291.,  292.,  293.,  294.,  295.,  296.,
        297.,  298.,  299.,  300.,  301.,  302.,  303.,  304.,  305.,
        306.,  307.,  308.,  309.,  310.,  311.,  312.,  313.,  314.,
        315.,  316.,  317.,  318.,  319.,  320.,  321.,  322.,  323.,
        324.,  325.,  326.,  327.,  328.,  329.,  330.,  331.,  332.,
        333.,  334.,  335.,  336.,  337.,  338.,  339.,  340.,  341.,
        342.,  343.,  344.,  345.,  346.,  347.,  348.,  349.,  350.,
        351.,  352.,  353.,  354.,  355.,  356.,  357.,  358.,  359.,
        360.,  361.,  362.,  363.,  364.,  365.,  366.,  367.,  368.,
        369.,  370.,  371.,  372.,  373.,  374.,  375.,  376.,  377.,
        378.,  379.,  380.,  381.,  382.,  383.,  384.,  385.,  386.,
        387.,  388.,  389.,  390.,  391.,  392.,  393.,  394.,  395.,
        396.,  397.,  398.,  399.,  400.,  401.,  402.,  403.,  404.,
        405.,  406.,  407.,  408.,  409.,  410.,  411.,  412.,  413.,
        414.,  415.,  416.,  417.,  418.,  419.,  420.,  421.,  422.,
        423.,  424.,  425.,  426.,  427.,  428.,  429.,  430.,  431.,
        432.,  433.,  434.,  435.,  436.,  437.,  438.,  439.,  440.,
        441.,  442.,  443.,  444.,  445.,  446.,  447.,  448.,  449.,
        450.,  451.,  452.,  453.,  454.,  455.,  456.,  457.,  458.,
        459.,  460.,  461.,  462.,  463.,  464.,  465.,  466.,  467.,
        468.,  469.,  470.,  471.,  472.,  473.,  474.,  475.,  476.,
        477.,  478.,  479.,  480.,  481.,  482.,  483.,  484.,  485.,
        486.,  487.,  488.,  489.,  490.,  491.,  492.,  493.,  494.,
        495.,  496.,  497.,  498.,  499.,  500.,  501.,  502.,  503.,
        504.,  505.,  506.,  507.,  508.,  509.,  510.,  511.,  512.,
        513.,  514.,  515.,  516.,  517.,  518.,  519.,  520.,  521.,
        522.,  523.,  524.,  525.,  526.,  527.,  528.,  529.,  530.,
        531.,  532.,  533.,  534.,  535.,  536.,  537.,  538.,  539.]))
(540 out of 540) Instances to keep are determined: 0.0, 1.0, 2.0, 3.0, 4.0, 5.0, 6.0, 7.0, 8.0, 9.0, 10.0, 11.0, 12.0, 13.0, 14.0, 15.0, 16.0, 17.0, 18.0, 19.0, 20.0, 21.0, 22.0, 23.0, 24.0, 25.0, 26.0, 27.0, 28.0, 29.0, 30.0, 31.0, 32.0, 33.0, 34.0, 35.0, 36.0, 37.0, 38.0, 39.0, 40.0, 41.0, 42.0, 43.0, 44.0, 45.0, 46.0, 47.0, 48.0, 49.0, 50.0, 51.0, 52.0, 53.0, 54.0, 55.0, 56.0, 57.0, 58.0, 59.0, 60.0, 61.0, 62.0, 63.0, 64.0, 65.0, 66.0, 67.0, 68.0, 69.0, 70.0, 71.0, 72.0, 73.0, 74.0, 75.0, 76.0, 77.0, 78.0, 79.0, 80.0, 81.0, 82.0, 83.0, 84.0, 85.0, 86.0, 87.0, 88.0, 89.0, 90.0, 91.0, 92.0, 93.0, 94.0, 95.0, 96.0, 97.0, 98.0, 99.0, 100.0, 101.0, 102.0, 103.0, 104.0, 105.0, 106.0, 107.0, 108.0, 109.0, 110.0, 111.0, 112.0, 113.0, 114.0, 115.0, 116.0, 117.0, 118.0, 119.0, 120.0, 121.0, 122.0, 123.0, 124.0, 125.0, 126.0, 127.0, 128.0, 129.0, 130.0, 131.0, 132.0, 133.0, 134.0, 135.0, 136.0, 137.0, 138.0, 139.0, 140.0, 141.0, 142.0, 143.0, 144.0, 145.0, 146.0, 147.0, 148.0, 149.0, 150.0, 151.0, 152.0, 153.0, 154.0, 155.0, 156.0, 157.0, 158.0, 159.0, 160.0, 161.0, 162.0, 163.0, 164.0, 165.0, 166.0, 167.0, 168.0, 169.0, 170.0, 171.0, 172.0, 173.0, 174.0, 175.0, 176.0, 177.0, 178.0, 179.0, 180.0, 181.0, 182.0, 183.0, 184.0, 185.0, 186.0, 187.0, 188.0, 189.0, 190.0, 191.0, 192.0, 193.0, 194.0, 195.0, 196.0, 197.0, 198.0, 199.0, 200.0, 201.0, 202.0, 203.0, 204.0, 205.0, 206.0, 207.0, 208.0, 209.0, 210.0, 211.0, 212.0, 213.0, 214.0, 215.0, 216.0, 217.0, 218.0, 219.0, 220.0, 221.0, 222.0, 223.0, 224.0, 225.0, 226.0, 227.0, 228.0, 229.0, 230.0, 231.0, 232.0, 233.0, 234.0, 235.0, 236.0, 237.0, 238.0, 239.0, 240.0, 241.0, 242.0, 243.0, 244.0, 245.0, 246.0, 247.0, 248.0, 249.0, 250.0, 251.0, 252.0, 253.0, 254.0, 255.0, 256.0, 257.0, 258.0, 259.0, 260.0, 261.0, 262.0, 263.0, 264.0, 265.0, 266.0, 267.0, 268.0, 269.0, 270.0, 271.0, 272.0, 273.0, 274.0, 275.0, 276.0, 277.0, 278.0, 279.0, 280.0, 281.0, 282.0, 283.0, 284.0, 285.0, 286.0, 287.0, 288.0, 289.0, 290.0, 291.0, 292.0, 293.0, 294.0, 295.0, 296.0, 297.0, 298.0, 299.0, 300.0, 301.0, 302.0, 303.0, 304.0, 305.0, 306.0, 307.0, 308.0, 309.0, 310.0, 311.0, 312.0, 313.0, 314.0, 315.0, 316.0, 317.0, 318.0, 319.0, 320.0, 321.0, 322.0, 323.0, 324.0, 325.0, 326.0, 327.0, 328.0, 329.0, 330.0, 331.0, 332.0, 333.0, 334.0, 335.0, 336.0, 337.0, 338.0, 339.0, 340.0, 341.0, 342.0, 343.0, 344.0, 345.0, 346.0, 347.0, 348.0, 349.0, 350.0, 351.0, 352.0, 353.0, 354.0, 355.0, 356.0, 357.0, 358.0, 359.0, 360.0, 361.0, 362.0, 363.0, 364.0, 365.0, 366.0, 367.0, 368.0, 369.0, 370.0, 371.0, 372.0, 373.0, 374.0, 375.0, 376.0, 377.0, 378.0, 379.0, 380.0, 381.0, 382.0, 383.0, 384.0, 385.0, 386.0, 387.0, 388.0, 389.0, 390.0, 391.0, 392.0, 393.0, 394.0, 395.0, 396.0, 397.0, 398.0, 399.0, 400.0, 401.0, 402.0, 403.0, 404.0, 405.0, 406.0, 407.0, 408.0, 409.0, 410.0, 411.0, 412.0, 413.0, 414.0, 415.0, 416.0, 417.0, 418.0, 419.0, 420.0, 421.0, 422.0, 423.0, 424.0, 425.0, 426.0, 427.0, 428.0, 429.0, 430.0, 431.0, 432.0, 433.0, 434.0, 435.0, 436.0, 437.0, 438.0, 439.0, 440.0, 441.0, 442.0, 443.0, 444.0, 445.0, 446.0, 447.0, 448.0, 449.0, 450.0, 451.0, 452.0, 453.0, 454.0, 455.0, 456.0, 457.0, 458.0, 459.0, 460.0, 461.0, 462.0, 463.0, 464.0, 465.0, 466.0, 467.0, 468.0, 469.0, 470.0, 471.0, 472.0, 473.0, 474.0, 475.0, 476.0, 477.0, 478.0, 479.0, 480.0, 481.0, 482.0, 483.0, 484.0, 485.0, 486.0, 487.0, 488.0, 489.0, 490.0, 491.0, 492.0, 493.0, 494.0, 495.0, 496.0, 497.0, 498.0, 499.0, 500.0, 501.0, 502.0, 503.0, 504.0, 505.0, 506.0, 507.0, 508.0, 509.0, 510.0, 511.0, 512.0, 513.0, 514.0, 515.0, 516.0, 517.0, 518.0, 519.0, 520.0, 521.0, 522.0, 523.0, 524.0, 525.0, 526.0, 527.0, 528.0, 529.0, 530.0, 531.0, 532.0, 533.0, 534.0, 535.0, 536.0, 537.0, 538.0, 539.0
% Backup Solver: sparrow2011_sparrow2011_ubcsat1.2_2011-03-02
% Input Instances for Training: 540 (-unsolvable)
% Used Instances for Training: 540 (-unsolvable)
% Train with RANDOMFOREST-CLASSVOTER
% PAR10 on current test set: 10191.48 (60 instances)
% >>> 6-th iteration<<<
('sr: ', array([ 3706.06789746,  1671.94083207,   536.35232139,   464.12768307]), ' - svd_k: ', 4)

opt_portfolio:  [0 0 0 0 0 0 0 0 0]
opt_portfolio v2:  set([0, 1, 2, 3, 4, 5, 6, 7, 8])
('top_ft_inx_arr: ', array([ 0,  2,  3,  7,  8, 11, 12, 15, 22, 23, 24, 25, 26, 28, 30, 32, 33,
       34, 35, 36, 39, 40, 43, 44, 49]))
ft_imp_total =  1.0
ft cv scores:  [ 0.25583191  0.21920863  0.34765296  0.34452168  0.50832307  0.29077767
  0.38427273  0.41608481  0.20149847  0.43071214]
top_ft_inx_arr:  [ 0  2  3  7  8 11 12 15 22 23 24 25 26 28 30 32 33 34 35 36 39 40 43 44 49]
(25 out of 50) Features to keep are determined: 0, 2, 3, 7, 8, 11, 12, 15, 22, 23, 24, 25, 26, 28, 30, 32, 33, 34, 35, 36, 39, 40, 43, 44, 49
('No algorithm subset selection, just get the optimal portfolio: ', '0, 1, 2, 3, 4, 5, 6, 7, 8')
(9 out of 9) Algorithms/solvers to keep are determined: 0, 1, 2, 3, 4, 5, 6, 7, 8
('inst_per_cls : ', array([   0.,    1.,    2.,    3.,    4.,    5.,    6.,    7.,    8.,
          9.,   10.,   11.,   12.,   13.,   14.,   15.,   16.,   17.,
         18.,   19.,   20.,   21.,   22.,   23.,   24.,   25.,   26.,
         27.,   28.,   29.,   30.,   31.,   32.,   33.,   34.,   35.,
         36.,   37.,   38.,   39.,   40.,   41.,   42.,   43.,   44.,
         45.,   46.,   47.,   48.,   49.,   50.,   51.,   52.,   53.,
         54.,   55.,   56.,   57.,   58.,   59.,   60.,   61.,   62.,
         63.,   64.,   65.,   66.,   67.,   68.,   69.,   70.,   71.,
         72.,   73.,   74.,   75.,   76.,   77.,   78.,   79.,   80.,
         81.,   82.,   83.,   84.,   85.,   86.,   87.,   88.,   89.,
         90.,   91.,   92.,   93.,   94.,   95.,   96.,   97.,   98.,
         99.,  100.,  101.,  102.,  103.,  104.,  105.,  106.,  107.,
        108.,  109.,  110.,  111.,  112.,  113.,  114.,  115.,  116.,
        117.,  118.,  119.,  120.,  121.,  122.,  123.,  124.,  125.,
        126.,  127.,  128.,  129.,  130.,  131.,  132.,  133.,  134.,
        135.,  136.,  137.,  138.,  139.,  140.,  141.,  142.,  143.,
        144.,  145.,  146.,  147.,  148.,  149.,  150.,  151.,  152.,
        153.,  154.,  155.,  156.,  157.,  158.,  159.,  160.,  161.,
        162.,  163.,  164.,  165.,  166.,  167.,  168.,  169.,  170.,
        171.,  172.,  173.,  174.,  175.,  176.,  177.,  178.,  179.,
        180.,  181.,  182.,  183.,  184.,  185.,  186.,  187.,  188.,
        189.,  190.,  191.,  192.,  193.,  194.,  195.,  196.,  197.,
        198.,  199.,  200.,  201.,  202.,  203.,  204.,  205.,  206.,
        207.,  208.,  209.,  210.,  211.,  212.,  213.,  214.,  215.,
        216.,  217.,  218.,  219.,  220.,  221.,  222.,  223.,  224.,
        225.,  226.,  227.,  228.,  229.,  230.,  231.,  232.,  233.,
        234.,  235.,  236.,  237.,  238.,  239.,  240.,  241.,  242.,
        243.,  244.,  245.,  246.,  247.,  248.,  249.,  250.,  251.,
        252.,  253.,  254.,  255.,  256.,  257.,  258.,  259.,  260.,
        261.,  262.,  263.,  264.,  265.,  266.,  267.,  268.,  269.,
        270.,  271.,  272.,  273.,  274.,  275.,  276.,  277.,  278.,
        279.,  280.,  281.,  282.,  283.,  284.,  285.,  286.,  287.,
        288.,  289.,  290.,  291.,  292.,  293.,  294.,  295.,  296.,
        297.,  298.,  299.,  300.,  301.,  302.,  303.,  304.,  305.,
        306.,  307.,  308.,  309.,  310.,  311.,  312.,  313.,  314.,
        315.,  316.,  317.,  318.,  319.,  320.,  321.,  322.,  323.,
        324.,  325.,  326.,  327.,  328.,  329.,  330.,  331.,  332.,
        333.,  334.,  335.,  336.,  337.,  338.,  339.,  340.,  341.,
        342.,  343.,  344.,  345.,  346.,  347.,  348.,  349.,  350.,
        351.,  352.,  353.,  354.,  355.,  356.,  357.,  358.,  359.,
        360.,  361.,  362.,  363.,  364.,  365.,  366.,  367.,  368.,
        369.,  370.,  371.,  372.,  373.,  374.,  375.,  376.,  377.,
        378.,  379.,  380.,  381.,  382.,  383.,  384.,  385.,  386.,
        387.,  388.,  389.,  390.,  391.,  392.,  393.,  394.,  395.,
        396.,  397.,  398.,  399.,  400.,  401.,  402.,  403.,  404.,
        405.,  406.,  407.,  408.,  409.,  410.,  411.,  412.,  413.,
        414.,  415.,  416.,  417.,  418.,  419.,  420.,  421.,  422.,
        423.,  424.,  425.,  426.,  427.,  428.,  429.,  430.,  431.,
        432.,  433.,  434.,  435.,  436.,  437.,  438.,  439.,  440.,
        441.,  442.,  443.,  444.,  445.,  446.,  447.,  448.,  449.,
        450.,  451.,  452.,  453.,  454.,  455.,  456.,  457.,  458.,
        459.,  460.,  461.,  462.,  463.,  464.,  465.,  466.,  467.,
        468.,  469.,  470.,  471.,  472.,  473.,  474.,  475.,  476.,
        477.,  478.,  479.,  480.,  481.,  482.,  483.,  484.,  485.,
        486.,  487.,  488.,  489.,  490.,  491.,  492.,  493.,  494.,
        495.,  496.,  497.,  498.,  499.,  500.,  501.,  502.,  503.,
        504.,  505.,  506.,  507.,  508.,  509.,  510.,  511.,  512.,
        513.,  514.,  515.,  516.,  517.,  518.,  519.,  520.,  521.,
        522.,  523.,  524.,  525.,  526.,  527.,  528.,  529.,  530.,
        531.,  532.,  533.,  534.,  535.,  536.,  537.,  538.,  539.]))
(540 out of 540) Instances to keep are determined: 0.0, 1.0, 2.0, 3.0, 4.0, 5.0, 6.0, 7.0, 8.0, 9.0, 10.0, 11.0, 12.0, 13.0, 14.0, 15.0, 16.0, 17.0, 18.0, 19.0, 20.0, 21.0, 22.0, 23.0, 24.0, 25.0, 26.0, 27.0, 28.0, 29.0, 30.0, 31.0, 32.0, 33.0, 34.0, 35.0, 36.0, 37.0, 38.0, 39.0, 40.0, 41.0, 42.0, 43.0, 44.0, 45.0, 46.0, 47.0, 48.0, 49.0, 50.0, 51.0, 52.0, 53.0, 54.0, 55.0, 56.0, 57.0, 58.0, 59.0, 60.0, 61.0, 62.0, 63.0, 64.0, 65.0, 66.0, 67.0, 68.0, 69.0, 70.0, 71.0, 72.0, 73.0, 74.0, 75.0, 76.0, 77.0, 78.0, 79.0, 80.0, 81.0, 82.0, 83.0, 84.0, 85.0, 86.0, 87.0, 88.0, 89.0, 90.0, 91.0, 92.0, 93.0, 94.0, 95.0, 96.0, 97.0, 98.0, 99.0, 100.0, 101.0, 102.0, 103.0, 104.0, 105.0, 106.0, 107.0, 108.0, 109.0, 110.0, 111.0, 112.0, 113.0, 114.0, 115.0, 116.0, 117.0, 118.0, 119.0, 120.0, 121.0, 122.0, 123.0, 124.0, 125.0, 126.0, 127.0, 128.0, 129.0, 130.0, 131.0, 132.0, 133.0, 134.0, 135.0, 136.0, 137.0, 138.0, 139.0, 140.0, 141.0, 142.0, 143.0, 144.0, 145.0, 146.0, 147.0, 148.0, 149.0, 150.0, 151.0, 152.0, 153.0, 154.0, 155.0, 156.0, 157.0, 158.0, 159.0, 160.0, 161.0, 162.0, 163.0, 164.0, 165.0, 166.0, 167.0, 168.0, 169.0, 170.0, 171.0, 172.0, 173.0, 174.0, 175.0, 176.0, 177.0, 178.0, 179.0, 180.0, 181.0, 182.0, 183.0, 184.0, 185.0, 186.0, 187.0, 188.0, 189.0, 190.0, 191.0, 192.0, 193.0, 194.0, 195.0, 196.0, 197.0, 198.0, 199.0, 200.0, 201.0, 202.0, 203.0, 204.0, 205.0, 206.0, 207.0, 208.0, 209.0, 210.0, 211.0, 212.0, 213.0, 214.0, 215.0, 216.0, 217.0, 218.0, 219.0, 220.0, 221.0, 222.0, 223.0, 224.0, 225.0, 226.0, 227.0, 228.0, 229.0, 230.0, 231.0, 232.0, 233.0, 234.0, 235.0, 236.0, 237.0, 238.0, 239.0, 240.0, 241.0, 242.0, 243.0, 244.0, 245.0, 246.0, 247.0, 248.0, 249.0, 250.0, 251.0, 252.0, 253.0, 254.0, 255.0, 256.0, 257.0, 258.0, 259.0, 260.0, 261.0, 262.0, 263.0, 264.0, 265.0, 266.0, 267.0, 268.0, 269.0, 270.0, 271.0, 272.0, 273.0, 274.0, 275.0, 276.0, 277.0, 278.0, 279.0, 280.0, 281.0, 282.0, 283.0, 284.0, 285.0, 286.0, 287.0, 288.0, 289.0, 290.0, 291.0, 292.0, 293.0, 294.0, 295.0, 296.0, 297.0, 298.0, 299.0, 300.0, 301.0, 302.0, 303.0, 304.0, 305.0, 306.0, 307.0, 308.0, 309.0, 310.0, 311.0, 312.0, 313.0, 314.0, 315.0, 316.0, 317.0, 318.0, 319.0, 320.0, 321.0, 322.0, 323.0, 324.0, 325.0, 326.0, 327.0, 328.0, 329.0, 330.0, 331.0, 332.0, 333.0, 334.0, 335.0, 336.0, 337.0, 338.0, 339.0, 340.0, 341.0, 342.0, 343.0, 344.0, 345.0, 346.0, 347.0, 348.0, 349.0, 350.0, 351.0, 352.0, 353.0, 354.0, 355.0, 356.0, 357.0, 358.0, 359.0, 360.0, 361.0, 362.0, 363.0, 364.0, 365.0, 366.0, 367.0, 368.0, 369.0, 370.0, 371.0, 372.0, 373.0, 374.0, 375.0, 376.0, 377.0, 378.0, 379.0, 380.0, 381.0, 382.0, 383.0, 384.0, 385.0, 386.0, 387.0, 388.0, 389.0, 390.0, 391.0, 392.0, 393.0, 394.0, 395.0, 396.0, 397.0, 398.0, 399.0, 400.0, 401.0, 402.0, 403.0, 404.0, 405.0, 406.0, 407.0, 408.0, 409.0, 410.0, 411.0, 412.0, 413.0, 414.0, 415.0, 416.0, 417.0, 418.0, 419.0, 420.0, 421.0, 422.0, 423.0, 424.0, 425.0, 426.0, 427.0, 428.0, 429.0, 430.0, 431.0, 432.0, 433.0, 434.0, 435.0, 436.0, 437.0, 438.0, 439.0, 440.0, 441.0, 442.0, 443.0, 444.0, 445.0, 446.0, 447.0, 448.0, 449.0, 450.0, 451.0, 452.0, 453.0, 454.0, 455.0, 456.0, 457.0, 458.0, 459.0, 460.0, 461.0, 462.0, 463.0, 464.0, 465.0, 466.0, 467.0, 468.0, 469.0, 470.0, 471.0, 472.0, 473.0, 474.0, 475.0, 476.0, 477.0, 478.0, 479.0, 480.0, 481.0, 482.0, 483.0, 484.0, 485.0, 486.0, 487.0, 488.0, 489.0, 490.0, 491.0, 492.0, 493.0, 494.0, 495.0, 496.0, 497.0, 498.0, 499.0, 500.0, 501.0, 502.0, 503.0, 504.0, 505.0, 506.0, 507.0, 508.0, 509.0, 510.0, 511.0, 512.0, 513.0, 514.0, 515.0, 516.0, 517.0, 518.0, 519.0, 520.0, 521.0, 522.0, 523.0, 524.0, 525.0, 526.0, 527.0, 528.0, 529.0, 530.0, 531.0, 532.0, 533.0, 534.0, 535.0, 536.0, 537.0, 538.0, 539.0
% Backup Solver: sparrow2011_sparrow2011_ubcsat1.2_2011-03-02
% Input Instances for Training: 540 (-unsolvable)
% Used Instances for Training: 540 (-unsolvable)
% Train with RANDOMFOREST-CLASSVOTER
% PAR10 on current test set: 8548.10 (60 instances)
% >>> 7-th iteration<<<
('sr: ', array([ 3716.22879996,  1664.60978678,   536.79870083,   464.15094993]), ' - svd_k: ', 4)

opt_portfolio:  [0 0 0 0 0 0 0 0 0]
opt_portfolio v2:  set([0, 1, 2, 3, 4, 5, 6, 7, 8])
('top_ft_inx_arr: ', array([ 0,  1,  2,  3,  8, 14, 21, 22, 23, 24, 25, 26, 27, 29, 30, 31, 32,
       33, 34, 35, 40, 42, 43, 44, 49]))
ft_imp_total =  1.0
ft cv scores:  [ 0.24593805  0.22765346  0.17569585  0.47368653  0.49642685  0.22534455
  0.53472867  0.36562555  0.34273617  0.42632149]
top_ft_inx_arr:  [ 0  1  2  3  8 14 21 22 23 24 25 26 27 29 30 31 32 33 34 35 40 42 43 44 49]
(25 out of 50) Features to keep are determined: 0, 1, 2, 3, 8, 14, 21, 22, 23, 24, 25, 26, 27, 29, 30, 31, 32, 33, 34, 35, 40, 42, 43, 44, 49
('No algorithm subset selection, just get the optimal portfolio: ', '0, 1, 2, 3, 4, 5, 6, 7, 8')
(9 out of 9) Algorithms/solvers to keep are determined: 0, 1, 2, 3, 4, 5, 6, 7, 8
('inst_per_cls : ', array([   0.,    1.,    2.,    3.,    4.,    5.,    6.,    7.,    8.,
          9.,   10.,   11.,   12.,   13.,   14.,   15.,   16.,   17.,
         18.,   19.,   20.,   21.,   22.,   23.,   24.,   25.,   26.,
         27.,   28.,   29.,   30.,   31.,   32.,   33.,   34.,   35.,
         36.,   37.,   38.,   39.,   40.,   41.,   42.,   43.,   44.,
         45.,   46.,   47.,   48.,   49.,   50.,   51.,   52.,   53.,
         54.,   55.,   56.,   57.,   58.,   59.,   60.,   61.,   62.,
         63.,   64.,   65.,   66.,   67.,   68.,   69.,   70.,   71.,
         72.,   73.,   74.,   75.,   76.,   77.,   78.,   79.,   80.,
         81.,   82.,   83.,   84.,   85.,   86.,   87.,   88.,   89.,
         90.,   91.,   92.,   93.,   94.,   95.,   96.,   97.,   98.,
         99.,  100.,  101.,  102.,  103.,  104.,  105.,  106.,  107.,
        108.,  109.,  110.,  111.,  112.,  113.,  114.,  115.,  116.,
        117.,  118.,  119.,  120.,  121.,  122.,  123.,  124.,  125.,
        126.,  127.,  128.,  129.,  130.,  131.,  132.,  133.,  134.,
        135.,  136.,  137.,  138.,  139.,  140.,  141.,  142.,  143.,
        144.,  145.,  146.,  147.,  148.,  149.,  150.,  151.,  152.,
        153.,  154.,  155.,  156.,  157.,  158.,  159.,  160.,  161.,
        162.,  163.,  164.,  165.,  166.,  167.,  168.,  169.,  170.,
        171.,  172.,  173.,  174.,  175.,  176.,  177.,  178.,  179.,
        180.,  181.,  182.,  183.,  184.,  185.,  186.,  187.,  188.,
        189.,  190.,  191.,  192.,  193.,  194.,  195.,  196.,  197.,
        198.,  199.,  200.,  201.,  202.,  203.,  204.,  205.,  206.,
        207.,  208.,  209.,  210.,  211.,  212.,  213.,  214.,  215.,
        216.,  217.,  218.,  219.,  220.,  221.,  222.,  223.,  224.,
        225.,  226.,  227.,  228.,  229.,  230.,  231.,  232.,  233.,
        234.,  235.,  236.,  237.,  238.,  239.,  240.,  241.,  242.,
        243.,  244.,  245.,  246.,  247.,  248.,  249.,  250.,  251.,
        252.,  253.,  254.,  255.,  256.,  257.,  258.,  259.,  260.,
        261.,  262.,  263.,  264.,  265.,  266.,  267.,  268.,  269.,
        270.,  271.,  272.,  273.,  274.,  275.,  276.,  277.,  278.,
        279.,  280.,  281.,  282.,  283.,  284.,  285.,  286.,  287.,
        288.,  289.,  290.,  291.,  292.,  293.,  294.,  295.,  296.,
        297.,  298.,  299.,  300.,  301.,  302.,  303.,  304.,  305.,
        306.,  307.,  308.,  309.,  310.,  311.,  312.,  313.,  314.,
        315.,  316.,  317.,  318.,  319.,  320.,  321.,  322.,  323.,
        324.,  325.,  326.,  327.,  328.,  329.,  330.,  331.,  332.,
        333.,  334.,  335.,  336.,  337.,  338.,  339.,  340.,  341.,
        342.,  343.,  344.,  345.,  346.,  347.,  348.,  349.,  350.,
        351.,  352.,  353.,  354.,  355.,  356.,  357.,  358.,  359.,
        360.,  361.,  362.,  363.,  364.,  365.,  366.,  367.,  368.,
        369.,  370.,  371.,  372.,  373.,  374.,  375.,  376.,  377.,
        378.,  379.,  380.,  381.,  382.,  383.,  384.,  385.,  386.,
        387.,  388.,  389.,  390.,  391.,  392.,  393.,  394.,  395.,
        396.,  397.,  398.,  399.,  400.,  401.,  402.,  403.,  404.,
        405.,  406.,  407.,  408.,  409.,  410.,  411.,  412.,  413.,
        414.,  415.,  416.,  417.,  418.,  419.,  420.,  421.,  422.,
        423.,  424.,  425.,  426.,  427.,  428.,  429.,  430.,  431.,
        432.,  433.,  434.,  435.,  436.,  437.,  438.,  439.,  440.,
        441.,  442.,  443.,  444.,  445.,  446.,  447.,  448.,  449.,
        450.,  451.,  452.,  453.,  454.,  455.,  456.,  457.,  458.,
        459.,  460.,  461.,  462.,  463.,  464.,  465.,  466.,  467.,
        468.,  469.,  470.,  471.,  472.,  473.,  474.,  475.,  476.,
        477.,  478.,  479.,  480.,  481.,  482.,  483.,  484.,  485.,
        486.,  487.,  488.,  489.,  490.,  491.,  492.,  493.,  494.,
        495.,  496.,  497.,  498.,  499.,  500.,  501.,  502.,  503.,
        504.,  505.,  506.,  507.,  508.,  509.,  510.,  511.,  512.,
        513.,  514.,  515.,  516.,  517.,  518.,  519.,  520.,  521.,
        522.,  523.,  524.,  525.,  526.,  527.,  528.,  529.,  530.,
        531.,  532.,  533.,  534.,  535.,  536.,  537.,  538.,  539.]))
(540 out of 540) Instances to keep are determined: 0.0, 1.0, 2.0, 3.0, 4.0, 5.0, 6.0, 7.0, 8.0, 9.0, 10.0, 11.0, 12.0, 13.0, 14.0, 15.0, 16.0, 17.0, 18.0, 19.0, 20.0, 21.0, 22.0, 23.0, 24.0, 25.0, 26.0, 27.0, 28.0, 29.0, 30.0, 31.0, 32.0, 33.0, 34.0, 35.0, 36.0, 37.0, 38.0, 39.0, 40.0, 41.0, 42.0, 43.0, 44.0, 45.0, 46.0, 47.0, 48.0, 49.0, 50.0, 51.0, 52.0, 53.0, 54.0, 55.0, 56.0, 57.0, 58.0, 59.0, 60.0, 61.0, 62.0, 63.0, 64.0, 65.0, 66.0, 67.0, 68.0, 69.0, 70.0, 71.0, 72.0, 73.0, 74.0, 75.0, 76.0, 77.0, 78.0, 79.0, 80.0, 81.0, 82.0, 83.0, 84.0, 85.0, 86.0, 87.0, 88.0, 89.0, 90.0, 91.0, 92.0, 93.0, 94.0, 95.0, 96.0, 97.0, 98.0, 99.0, 100.0, 101.0, 102.0, 103.0, 104.0, 105.0, 106.0, 107.0, 108.0, 109.0, 110.0, 111.0, 112.0, 113.0, 114.0, 115.0, 116.0, 117.0, 118.0, 119.0, 120.0, 121.0, 122.0, 123.0, 124.0, 125.0, 126.0, 127.0, 128.0, 129.0, 130.0, 131.0, 132.0, 133.0, 134.0, 135.0, 136.0, 137.0, 138.0, 139.0, 140.0, 141.0, 142.0, 143.0, 144.0, 145.0, 146.0, 147.0, 148.0, 149.0, 150.0, 151.0, 152.0, 153.0, 154.0, 155.0, 156.0, 157.0, 158.0, 159.0, 160.0, 161.0, 162.0, 163.0, 164.0, 165.0, 166.0, 167.0, 168.0, 169.0, 170.0, 171.0, 172.0, 173.0, 174.0, 175.0, 176.0, 177.0, 178.0, 179.0, 180.0, 181.0, 182.0, 183.0, 184.0, 185.0, 186.0, 187.0, 188.0, 189.0, 190.0, 191.0, 192.0, 193.0, 194.0, 195.0, 196.0, 197.0, 198.0, 199.0, 200.0, 201.0, 202.0, 203.0, 204.0, 205.0, 206.0, 207.0, 208.0, 209.0, 210.0, 211.0, 212.0, 213.0, 214.0, 215.0, 216.0, 217.0, 218.0, 219.0, 220.0, 221.0, 222.0, 223.0, 224.0, 225.0, 226.0, 227.0, 228.0, 229.0, 230.0, 231.0, 232.0, 233.0, 234.0, 235.0, 236.0, 237.0, 238.0, 239.0, 240.0, 241.0, 242.0, 243.0, 244.0, 245.0, 246.0, 247.0, 248.0, 249.0, 250.0, 251.0, 252.0, 253.0, 254.0, 255.0, 256.0, 257.0, 258.0, 259.0, 260.0, 261.0, 262.0, 263.0, 264.0, 265.0, 266.0, 267.0, 268.0, 269.0, 270.0, 271.0, 272.0, 273.0, 274.0, 275.0, 276.0, 277.0, 278.0, 279.0, 280.0, 281.0, 282.0, 283.0, 284.0, 285.0, 286.0, 287.0, 288.0, 289.0, 290.0, 291.0, 292.0, 293.0, 294.0, 295.0, 296.0, 297.0, 298.0, 299.0, 300.0, 301.0, 302.0, 303.0, 304.0, 305.0, 306.0, 307.0, 308.0, 309.0, 310.0, 311.0, 312.0, 313.0, 314.0, 315.0, 316.0, 317.0, 318.0, 319.0, 320.0, 321.0, 322.0, 323.0, 324.0, 325.0, 326.0, 327.0, 328.0, 329.0, 330.0, 331.0, 332.0, 333.0, 334.0, 335.0, 336.0, 337.0, 338.0, 339.0, 340.0, 341.0, 342.0, 343.0, 344.0, 345.0, 346.0, 347.0, 348.0, 349.0, 350.0, 351.0, 352.0, 353.0, 354.0, 355.0, 356.0, 357.0, 358.0, 359.0, 360.0, 361.0, 362.0, 363.0, 364.0, 365.0, 366.0, 367.0, 368.0, 369.0, 370.0, 371.0, 372.0, 373.0, 374.0, 375.0, 376.0, 377.0, 378.0, 379.0, 380.0, 381.0, 382.0, 383.0, 384.0, 385.0, 386.0, 387.0, 388.0, 389.0, 390.0, 391.0, 392.0, 393.0, 394.0, 395.0, 396.0, 397.0, 398.0, 399.0, 400.0, 401.0, 402.0, 403.0, 404.0, 405.0, 406.0, 407.0, 408.0, 409.0, 410.0, 411.0, 412.0, 413.0, 414.0, 415.0, 416.0, 417.0, 418.0, 419.0, 420.0, 421.0, 422.0, 423.0, 424.0, 425.0, 426.0, 427.0, 428.0, 429.0, 430.0, 431.0, 432.0, 433.0, 434.0, 435.0, 436.0, 437.0, 438.0, 439.0, 440.0, 441.0, 442.0, 443.0, 444.0, 445.0, 446.0, 447.0, 448.0, 449.0, 450.0, 451.0, 452.0, 453.0, 454.0, 455.0, 456.0, 457.0, 458.0, 459.0, 460.0, 461.0, 462.0, 463.0, 464.0, 465.0, 466.0, 467.0, 468.0, 469.0, 470.0, 471.0, 472.0, 473.0, 474.0, 475.0, 476.0, 477.0, 478.0, 479.0, 480.0, 481.0, 482.0, 483.0, 484.0, 485.0, 486.0, 487.0, 488.0, 489.0, 490.0, 491.0, 492.0, 493.0, 494.0, 495.0, 496.0, 497.0, 498.0, 499.0, 500.0, 501.0, 502.0, 503.0, 504.0, 505.0, 506.0, 507.0, 508.0, 509.0, 510.0, 511.0, 512.0, 513.0, 514.0, 515.0, 516.0, 517.0, 518.0, 519.0, 520.0, 521.0, 522.0, 523.0, 524.0, 525.0, 526.0, 527.0, 528.0, 529.0, 530.0, 531.0, 532.0, 533.0, 534.0, 535.0, 536.0, 537.0, 538.0, 539.0
% Backup Solver: sparrow2011_sparrow2011_ubcsat1.2_2011-03-02
% Input Instances for Training: 540 (-unsolvable)
% Used Instances for Training: 540 (-unsolvable)
% Train with RANDOMFOREST-CLASSVOTER
% PAR10 on current test set: 7705.08 (60 instances)
% >>> 8-th iteration<<<
('sr: ', array([ 3686.97895031,  1672.3362816 ,   537.8796487 ,   464.60747704]), ' - svd_k: ', 4)

opt_portfolio:  [0 0 0 0 0 0 0 0 0]
opt_portfolio v2:  set([0, 1, 2, 3, 4, 5, 6, 7, 8])
('top_ft_inx_arr: ', array([ 0,  1,  2,  3,  8, 11, 15, 21, 22, 23, 24, 25, 26, 28, 29, 30, 31,
       32, 33, 34, 35, 40, 41, 43, 44]))
ft_imp_total =  1.0
ft cv scores:  [ 0.39939373  0.21425087  0.29055045  0.29259272  0.42279376  0.16871679
  0.38908907  0.41348281  0.23309184  0.39753579]
top_ft_inx_arr:  [ 0  1  2  3  8 11 15 21 22 23 24 25 26 28 29 30 31 32 33 34 35 40 41 43 44]
(25 out of 50) Features to keep are determined: 0, 1, 2, 3, 8, 11, 15, 21, 22, 23, 24, 25, 26, 28, 29, 30, 31, 32, 33, 34, 35, 40, 41, 43, 44
('No algorithm subset selection, just get the optimal portfolio: ', '0, 1, 2, 3, 4, 5, 6, 7, 8')
(9 out of 9) Algorithms/solvers to keep are determined: 0, 1, 2, 3, 4, 5, 6, 7, 8
('inst_per_cls : ', array([   0.,    1.,    2.,    3.,    4.,    5.,    6.,    7.,    8.,
          9.,   10.,   11.,   12.,   13.,   14.,   15.,   16.,   17.,
         18.,   19.,   20.,   21.,   22.,   23.,   24.,   25.,   26.,
         27.,   28.,   29.,   30.,   31.,   32.,   33.,   34.,   35.,
         36.,   37.,   38.,   39.,   40.,   41.,   42.,   43.,   44.,
         45.,   46.,   47.,   48.,   49.,   50.,   51.,   52.,   53.,
         54.,   55.,   56.,   57.,   58.,   59.,   60.,   61.,   62.,
         63.,   64.,   65.,   66.,   67.,   68.,   69.,   70.,   71.,
         72.,   73.,   74.,   75.,   76.,   77.,   78.,   79.,   80.,
         81.,   82.,   83.,   84.,   85.,   86.,   87.,   88.,   89.,
         90.,   91.,   92.,   93.,   94.,   95.,   96.,   97.,   98.,
         99.,  100.,  101.,  102.,  103.,  104.,  105.,  106.,  107.,
        108.,  109.,  110.,  111.,  112.,  113.,  114.,  115.,  116.,
        117.,  118.,  119.,  120.,  121.,  122.,  123.,  124.,  125.,
        126.,  127.,  128.,  129.,  130.,  131.,  132.,  133.,  134.,
        135.,  136.,  137.,  138.,  139.,  140.,  141.,  142.,  143.,
        144.,  145.,  146.,  147.,  148.,  149.,  150.,  151.,  152.,
        153.,  154.,  155.,  156.,  157.,  158.,  159.,  160.,  161.,
        162.,  163.,  164.,  165.,  166.,  167.,  168.,  169.,  170.,
        171.,  172.,  173.,  174.,  175.,  176.,  177.,  178.,  179.,
        180.,  181.,  182.,  183.,  184.,  185.,  186.,  187.,  188.,
        189.,  190.,  191.,  192.,  193.,  194.,  195.,  196.,  197.,
        198.,  199.,  200.,  201.,  202.,  203.,  204.,  205.,  206.,
        207.,  208.,  209.,  210.,  211.,  212.,  213.,  214.,  215.,
        216.,  217.,  218.,  219.,  220.,  221.,  222.,  223.,  224.,
        225.,  226.,  227.,  228.,  229.,  230.,  231.,  232.,  233.,
        234.,  235.,  236.,  237.,  238.,  239.,  240.,  241.,  242.,
        243.,  244.,  245.,  246.,  247.,  248.,  249.,  250.,  251.,
        252.,  253.,  254.,  255.,  256.,  257.,  258.,  259.,  260.,
        261.,  262.,  263.,  264.,  265.,  266.,  267.,  268.,  269.,
        270.,  271.,  272.,  273.,  274.,  275.,  276.,  277.,  278.,
        279.,  280.,  281.,  282.,  283.,  284.,  285.,  286.,  287.,
        288.,  289.,  290.,  291.,  292.,  293.,  294.,  295.,  296.,
        297.,  298.,  299.,  300.,  301.,  302.,  303.,  304.,  305.,
        306.,  307.,  308.,  309.,  310.,  311.,  312.,  313.,  314.,
        315.,  316.,  317.,  318.,  319.,  320.,  321.,  322.,  323.,
        324.,  325.,  326.,  327.,  328.,  329.,  330.,  331.,  332.,
        333.,  334.,  335.,  336.,  337.,  338.,  339.,  340.,  341.,
        342.,  343.,  344.,  345.,  346.,  347.,  348.,  349.,  350.,
        351.,  352.,  353.,  354.,  355.,  356.,  357.,  358.,  359.,
        360.,  361.,  362.,  363.,  364.,  365.,  366.,  367.,  368.,
        369.,  370.,  371.,  372.,  373.,  374.,  375.,  376.,  377.,
        378.,  379.,  380.,  381.,  382.,  383.,  384.,  385.,  386.,
        387.,  388.,  389.,  390.,  391.,  392.,  393.,  394.,  395.,
        396.,  397.,  398.,  399.,  400.,  401.,  402.,  403.,  404.,
        405.,  406.,  407.,  408.,  409.,  410.,  411.,  412.,  413.,
        414.,  415.,  416.,  417.,  418.,  419.,  420.,  421.,  422.,
        423.,  424.,  425.,  426.,  427.,  428.,  429.,  430.,  431.,
        432.,  433.,  434.,  435.,  436.,  437.,  438.,  439.,  440.,
        441.,  442.,  443.,  444.,  445.,  446.,  447.,  448.,  449.,
        450.,  451.,  452.,  453.,  454.,  455.,  456.,  457.,  458.,
        459.,  460.,  461.,  462.,  463.,  464.,  465.,  466.,  467.,
        468.,  469.,  470.,  471.,  472.,  473.,  474.,  475.,  476.,
        477.,  478.,  479.,  480.,  481.,  482.,  483.,  484.,  485.,
        486.,  487.,  488.,  489.,  490.,  491.,  492.,  493.,  494.,
        495.,  496.,  497.,  498.,  499.,  500.,  501.,  502.,  503.,
        504.,  505.,  506.,  507.,  508.,  509.,  510.,  511.,  512.,
        513.,  514.,  515.,  516.,  517.,  518.,  519.,  520.,  521.,
        522.,  523.,  524.,  525.,  526.,  527.,  528.,  529.,  530.,
        531.,  532.,  533.,  534.,  535.,  536.,  537.,  538.,  539.]))
(540 out of 540) Instances to keep are determined: 0.0, 1.0, 2.0, 3.0, 4.0, 5.0, 6.0, 7.0, 8.0, 9.0, 10.0, 11.0, 12.0, 13.0, 14.0, 15.0, 16.0, 17.0, 18.0, 19.0, 20.0, 21.0, 22.0, 23.0, 24.0, 25.0, 26.0, 27.0, 28.0, 29.0, 30.0, 31.0, 32.0, 33.0, 34.0, 35.0, 36.0, 37.0, 38.0, 39.0, 40.0, 41.0, 42.0, 43.0, 44.0, 45.0, 46.0, 47.0, 48.0, 49.0, 50.0, 51.0, 52.0, 53.0, 54.0, 55.0, 56.0, 57.0, 58.0, 59.0, 60.0, 61.0, 62.0, 63.0, 64.0, 65.0, 66.0, 67.0, 68.0, 69.0, 70.0, 71.0, 72.0, 73.0, 74.0, 75.0, 76.0, 77.0, 78.0, 79.0, 80.0, 81.0, 82.0, 83.0, 84.0, 85.0, 86.0, 87.0, 88.0, 89.0, 90.0, 91.0, 92.0, 93.0, 94.0, 95.0, 96.0, 97.0, 98.0, 99.0, 100.0, 101.0, 102.0, 103.0, 104.0, 105.0, 106.0, 107.0, 108.0, 109.0, 110.0, 111.0, 112.0, 113.0, 114.0, 115.0, 116.0, 117.0, 118.0, 119.0, 120.0, 121.0, 122.0, 123.0, 124.0, 125.0, 126.0, 127.0, 128.0, 129.0, 130.0, 131.0, 132.0, 133.0, 134.0, 135.0, 136.0, 137.0, 138.0, 139.0, 140.0, 141.0, 142.0, 143.0, 144.0, 145.0, 146.0, 147.0, 148.0, 149.0, 150.0, 151.0, 152.0, 153.0, 154.0, 155.0, 156.0, 157.0, 158.0, 159.0, 160.0, 161.0, 162.0, 163.0, 164.0, 165.0, 166.0, 167.0, 168.0, 169.0, 170.0, 171.0, 172.0, 173.0, 174.0, 175.0, 176.0, 177.0, 178.0, 179.0, 180.0, 181.0, 182.0, 183.0, 184.0, 185.0, 186.0, 187.0, 188.0, 189.0, 190.0, 191.0, 192.0, 193.0, 194.0, 195.0, 196.0, 197.0, 198.0, 199.0, 200.0, 201.0, 202.0, 203.0, 204.0, 205.0, 206.0, 207.0, 208.0, 209.0, 210.0, 211.0, 212.0, 213.0, 214.0, 215.0, 216.0, 217.0, 218.0, 219.0, 220.0, 221.0, 222.0, 223.0, 224.0, 225.0, 226.0, 227.0, 228.0, 229.0, 230.0, 231.0, 232.0, 233.0, 234.0, 235.0, 236.0, 237.0, 238.0, 239.0, 240.0, 241.0, 242.0, 243.0, 244.0, 245.0, 246.0, 247.0, 248.0, 249.0, 250.0, 251.0, 252.0, 253.0, 254.0, 255.0, 256.0, 257.0, 258.0, 259.0, 260.0, 261.0, 262.0, 263.0, 264.0, 265.0, 266.0, 267.0, 268.0, 269.0, 270.0, 271.0, 272.0, 273.0, 274.0, 275.0, 276.0, 277.0, 278.0, 279.0, 280.0, 281.0, 282.0, 283.0, 284.0, 285.0, 286.0, 287.0, 288.0, 289.0, 290.0, 291.0, 292.0, 293.0, 294.0, 295.0, 296.0, 297.0, 298.0, 299.0, 300.0, 301.0, 302.0, 303.0, 304.0, 305.0, 306.0, 307.0, 308.0, 309.0, 310.0, 311.0, 312.0, 313.0, 314.0, 315.0, 316.0, 317.0, 318.0, 319.0, 320.0, 321.0, 322.0, 323.0, 324.0, 325.0, 326.0, 327.0, 328.0, 329.0, 330.0, 331.0, 332.0, 333.0, 334.0, 335.0, 336.0, 337.0, 338.0, 339.0, 340.0, 341.0, 342.0, 343.0, 344.0, 345.0, 346.0, 347.0, 348.0, 349.0, 350.0, 351.0, 352.0, 353.0, 354.0, 355.0, 356.0, 357.0, 358.0, 359.0, 360.0, 361.0, 362.0, 363.0, 364.0, 365.0, 366.0, 367.0, 368.0, 369.0, 370.0, 371.0, 372.0, 373.0, 374.0, 375.0, 376.0, 377.0, 378.0, 379.0, 380.0, 381.0, 382.0, 383.0, 384.0, 385.0, 386.0, 387.0, 388.0, 389.0, 390.0, 391.0, 392.0, 393.0, 394.0, 395.0, 396.0, 397.0, 398.0, 399.0, 400.0, 401.0, 402.0, 403.0, 404.0, 405.0, 406.0, 407.0, 408.0, 409.0, 410.0, 411.0, 412.0, 413.0, 414.0, 415.0, 416.0, 417.0, 418.0, 419.0, 420.0, 421.0, 422.0, 423.0, 424.0, 425.0, 426.0, 427.0, 428.0, 429.0, 430.0, 431.0, 432.0, 433.0, 434.0, 435.0, 436.0, 437.0, 438.0, 439.0, 440.0, 441.0, 442.0, 443.0, 444.0, 445.0, 446.0, 447.0, 448.0, 449.0, 450.0, 451.0, 452.0, 453.0, 454.0, 455.0, 456.0, 457.0, 458.0, 459.0, 460.0, 461.0, 462.0, 463.0, 464.0, 465.0, 466.0, 467.0, 468.0, 469.0, 470.0, 471.0, 472.0, 473.0, 474.0, 475.0, 476.0, 477.0, 478.0, 479.0, 480.0, 481.0, 482.0, 483.0, 484.0, 485.0, 486.0, 487.0, 488.0, 489.0, 490.0, 491.0, 492.0, 493.0, 494.0, 495.0, 496.0, 497.0, 498.0, 499.0, 500.0, 501.0, 502.0, 503.0, 504.0, 505.0, 506.0, 507.0, 508.0, 509.0, 510.0, 511.0, 512.0, 513.0, 514.0, 515.0, 516.0, 517.0, 518.0, 519.0, 520.0, 521.0, 522.0, 523.0, 524.0, 525.0, 526.0, 527.0, 528.0, 529.0, 530.0, 531.0, 532.0, 533.0, 534.0, 535.0, 536.0, 537.0, 538.0, 539.0
% Backup Solver: sparrow2011_sparrow2011_ubcsat1.2_2011-03-02
% Input Instances for Training: 540 (-unsolvable)
% Used Instances for Training: 540 (-unsolvable)
% Train with RANDOMFOREST-CLASSVOTER
% PAR10 on current test set: 10228.47 (60 instances)
% >>> 9-th iteration<<<
('sr: ', array([ 3693.99248225,  1664.93700532,   534.9804932 ,   468.67739553]), ' - svd_k: ', 4)

opt_portfolio:  [0 0 0 0 0 0 0 0 0]
opt_portfolio v2:  set([0, 1, 2, 3, 4, 5, 6, 7, 8])
('top_ft_inx_arr: ', array([ 2,  3,  8, 11, 12, 15, 21, 22, 23, 24, 25, 26, 28, 30, 31, 32, 33,
       34, 35, 39, 41, 44, 45, 46, 49]))
ft_imp_total =  1.0
ft cv scores:  [ 0.4467531   0.25167756  0.38991467  0.38369916  0.36769615  0.36355274
  0.3512197   0.37545067  0.26922727  0.53395311]
top_ft_inx_arr:  [ 2  3  8 11 12 15 21 22 23 24 25 26 28 30 31 32 33 34 35 39 41 44 45 46 49]
(25 out of 50) Features to keep are determined: 2, 3, 8, 11, 12, 15, 21, 22, 23, 24, 25, 26, 28, 30, 31, 32, 33, 34, 35, 39, 41, 44, 45, 46, 49
('No algorithm subset selection, just get the optimal portfolio: ', '0, 1, 2, 3, 4, 5, 6, 7, 8')
(9 out of 9) Algorithms/solvers to keep are determined: 0, 1, 2, 3, 4, 5, 6, 7, 8
('inst_per_cls : ', array([   0.,    1.,    2.,    3.,    4.,    5.,    6.,    7.,    8.,
          9.,   10.,   11.,   12.,   13.,   14.,   15.,   16.,   17.,
         18.,   19.,   20.,   21.,   22.,   23.,   24.,   25.,   26.,
         27.,   28.,   29.,   30.,   31.,   32.,   33.,   34.,   35.,
         36.,   37.,   38.,   39.,   40.,   41.,   42.,   43.,   44.,
         45.,   46.,   47.,   48.,   49.,   50.,   51.,   52.,   53.,
         54.,   55.,   56.,   57.,   58.,   59.,   60.,   61.,   62.,
         63.,   64.,   65.,   66.,   67.,   68.,   69.,   70.,   71.,
         72.,   73.,   74.,   75.,   76.,   77.,   78.,   79.,   80.,
         81.,   82.,   83.,   84.,   85.,   86.,   87.,   88.,   89.,
         90.,   91.,   92.,   93.,   94.,   95.,   96.,   97.,   98.,
         99.,  100.,  101.,  102.,  103.,  104.,  105.,  106.,  107.,
        108.,  109.,  110.,  111.,  112.,  113.,  114.,  115.,  116.,
        117.,  118.,  119.,  120.,  121.,  122.,  123.,  124.,  125.,
        126.,  127.,  128.,  129.,  130.,  131.,  132.,  133.,  134.,
        135.,  136.,  137.,  138.,  139.,  140.,  141.,  142.,  143.,
        144.,  145.,  146.,  147.,  148.,  149.,  150.,  151.,  152.,
        153.,  154.,  155.,  156.,  157.,  158.,  159.,  160.,  161.,
        162.,  163.,  164.,  165.,  166.,  167.,  168.,  169.,  170.,
        171.,  172.,  173.,  174.,  175.,  176.,  177.,  178.,  179.,
        180.,  181.,  182.,  183.,  184.,  185.,  186.,  187.,  188.,
        189.,  190.,  191.,  192.,  193.,  194.,  195.,  196.,  197.,
        198.,  199.,  200.,  201.,  202.,  203.,  204.,  205.,  206.,
        207.,  208.,  209.,  210.,  211.,  212.,  213.,  214.,  215.,
        216.,  217.,  218.,  219.,  220.,  221.,  222.,  223.,  224.,
        225.,  226.,  227.,  228.,  229.,  230.,  231.,  232.,  233.,
        234.,  235.,  236.,  237.,  238.,  239.,  240.,  241.,  242.,
        243.,  244.,  245.,  246.,  247.,  248.,  249.,  250.,  251.,
        252.,  253.,  254.,  255.,  256.,  257.,  258.,  259.,  260.,
        261.,  262.,  263.,  264.,  265.,  266.,  267.,  268.,  269.,
        270.,  271.,  272.,  273.,  274.,  275.,  276.,  277.,  278.,
        279.,  280.,  281.,  282.,  283.,  284.,  285.,  286.,  287.,
        288.,  289.,  290.,  291.,  292.,  293.,  294.,  295.,  296.,
        297.,  298.,  299.,  300.,  301.,  302.,  303.,  304.,  305.,
        306.,  307.,  308.,  309.,  310.,  311.,  312.,  313.,  314.,
        315.,  316.,  317.,  318.,  319.,  320.,  321.,  322.,  323.,
        324.,  325.,  326.,  327.,  328.,  329.,  330.,  331.,  332.,
        333.,  334.,  335.,  336.,  337.,  338.,  339.,  340.,  341.,
        342.,  343.,  344.,  345.,  346.,  347.,  348.,  349.,  350.,
        351.,  352.,  353.,  354.,  355.,  356.,  357.,  358.,  359.,
        360.,  361.,  362.,  363.,  364.,  365.,  366.,  367.,  368.,
        369.,  370.,  371.,  372.,  373.,  374.,  375.,  376.,  377.,
        378.,  379.,  380.,  381.,  382.,  383.,  384.,  385.,  386.,
        387.,  388.,  389.,  390.,  391.,  392.,  393.,  394.,  395.,
        396.,  397.,  398.,  399.,  400.,  401.,  402.,  403.,  404.,
        405.,  406.,  407.,  408.,  409.,  410.,  411.,  412.,  413.,
        414.,  415.,  416.,  417.,  418.,  419.,  420.,  421.,  422.,
        423.,  424.,  425.,  426.,  427.,  428.,  429.,  430.,  431.,
        432.,  433.,  434.,  435.,  436.,  437.,  438.,  439.,  440.,
        441.,  442.,  443.,  444.,  445.,  446.,  447.,  448.,  449.,
        450.,  451.,  452.,  453.,  454.,  455.,  456.,  457.,  458.,
        459.,  460.,  461.,  462.,  463.,  464.,  465.,  466.,  467.,
        468.,  469.,  470.,  471.,  472.,  473.,  474.,  475.,  476.,
        477.,  478.,  479.,  480.,  481.,  482.,  483.,  484.,  485.,
        486.,  487.,  488.,  489.,  490.,  491.,  492.,  493.,  494.,
        495.,  496.,  497.,  498.,  499.,  500.,  501.,  502.,  503.,
        504.,  505.,  506.,  507.,  508.,  509.,  510.,  511.,  512.,
        513.,  514.,  515.,  516.,  517.,  518.,  519.,  520.,  521.,
        522.,  523.,  524.,  525.,  526.,  527.,  528.,  529.,  530.,
        531.,  532.,  533.,  534.,  535.,  536.,  537.,  538.,  539.]))
(540 out of 540) Instances to keep are determined: 0.0, 1.0, 2.0, 3.0, 4.0, 5.0, 6.0, 7.0, 8.0, 9.0, 10.0, 11.0, 12.0, 13.0, 14.0, 15.0, 16.0, 17.0, 18.0, 19.0, 20.0, 21.0, 22.0, 23.0, 24.0, 25.0, 26.0, 27.0, 28.0, 29.0, 30.0, 31.0, 32.0, 33.0, 34.0, 35.0, 36.0, 37.0, 38.0, 39.0, 40.0, 41.0, 42.0, 43.0, 44.0, 45.0, 46.0, 47.0, 48.0, 49.0, 50.0, 51.0, 52.0, 53.0, 54.0, 55.0, 56.0, 57.0, 58.0, 59.0, 60.0, 61.0, 62.0, 63.0, 64.0, 65.0, 66.0, 67.0, 68.0, 69.0, 70.0, 71.0, 72.0, 73.0, 74.0, 75.0, 76.0, 77.0, 78.0, 79.0, 80.0, 81.0, 82.0, 83.0, 84.0, 85.0, 86.0, 87.0, 88.0, 89.0, 90.0, 91.0, 92.0, 93.0, 94.0, 95.0, 96.0, 97.0, 98.0, 99.0, 100.0, 101.0, 102.0, 103.0, 104.0, 105.0, 106.0, 107.0, 108.0, 109.0, 110.0, 111.0, 112.0, 113.0, 114.0, 115.0, 116.0, 117.0, 118.0, 119.0, 120.0, 121.0, 122.0, 123.0, 124.0, 125.0, 126.0, 127.0, 128.0, 129.0, 130.0, 131.0, 132.0, 133.0, 134.0, 135.0, 136.0, 137.0, 138.0, 139.0, 140.0, 141.0, 142.0, 143.0, 144.0, 145.0, 146.0, 147.0, 148.0, 149.0, 150.0, 151.0, 152.0, 153.0, 154.0, 155.0, 156.0, 157.0, 158.0, 159.0, 160.0, 161.0, 162.0, 163.0, 164.0, 165.0, 166.0, 167.0, 168.0, 169.0, 170.0, 171.0, 172.0, 173.0, 174.0, 175.0, 176.0, 177.0, 178.0, 179.0, 180.0, 181.0, 182.0, 183.0, 184.0, 185.0, 186.0, 187.0, 188.0, 189.0, 190.0, 191.0, 192.0, 193.0, 194.0, 195.0, 196.0, 197.0, 198.0, 199.0, 200.0, 201.0, 202.0, 203.0, 204.0, 205.0, 206.0, 207.0, 208.0, 209.0, 210.0, 211.0, 212.0, 213.0, 214.0, 215.0, 216.0, 217.0, 218.0, 219.0, 220.0, 221.0, 222.0, 223.0, 224.0, 225.0, 226.0, 227.0, 228.0, 229.0, 230.0, 231.0, 232.0, 233.0, 234.0, 235.0, 236.0, 237.0, 238.0, 239.0, 240.0, 241.0, 242.0, 243.0, 244.0, 245.0, 246.0, 247.0, 248.0, 249.0, 250.0, 251.0, 252.0, 253.0, 254.0, 255.0, 256.0, 257.0, 258.0, 259.0, 260.0, 261.0, 262.0, 263.0, 264.0, 265.0, 266.0, 267.0, 268.0, 269.0, 270.0, 271.0, 272.0, 273.0, 274.0, 275.0, 276.0, 277.0, 278.0, 279.0, 280.0, 281.0, 282.0, 283.0, 284.0, 285.0, 286.0, 287.0, 288.0, 289.0, 290.0, 291.0, 292.0, 293.0, 294.0, 295.0, 296.0, 297.0, 298.0, 299.0, 300.0, 301.0, 302.0, 303.0, 304.0, 305.0, 306.0, 307.0, 308.0, 309.0, 310.0, 311.0, 312.0, 313.0, 314.0, 315.0, 316.0, 317.0, 318.0, 319.0, 320.0, 321.0, 322.0, 323.0, 324.0, 325.0, 326.0, 327.0, 328.0, 329.0, 330.0, 331.0, 332.0, 333.0, 334.0, 335.0, 336.0, 337.0, 338.0, 339.0, 340.0, 341.0, 342.0, 343.0, 344.0, 345.0, 346.0, 347.0, 348.0, 349.0, 350.0, 351.0, 352.0, 353.0, 354.0, 355.0, 356.0, 357.0, 358.0, 359.0, 360.0, 361.0, 362.0, 363.0, 364.0, 365.0, 366.0, 367.0, 368.0, 369.0, 370.0, 371.0, 372.0, 373.0, 374.0, 375.0, 376.0, 377.0, 378.0, 379.0, 380.0, 381.0, 382.0, 383.0, 384.0, 385.0, 386.0, 387.0, 388.0, 389.0, 390.0, 391.0, 392.0, 393.0, 394.0, 395.0, 396.0, 397.0, 398.0, 399.0, 400.0, 401.0, 402.0, 403.0, 404.0, 405.0, 406.0, 407.0, 408.0, 409.0, 410.0, 411.0, 412.0, 413.0, 414.0, 415.0, 416.0, 417.0, 418.0, 419.0, 420.0, 421.0, 422.0, 423.0, 424.0, 425.0, 426.0, 427.0, 428.0, 429.0, 430.0, 431.0, 432.0, 433.0, 434.0, 435.0, 436.0, 437.0, 438.0, 439.0, 440.0, 441.0, 442.0, 443.0, 444.0, 445.0, 446.0, 447.0, 448.0, 449.0, 450.0, 451.0, 452.0, 453.0, 454.0, 455.0, 456.0, 457.0, 458.0, 459.0, 460.0, 461.0, 462.0, 463.0, 464.0, 465.0, 466.0, 467.0, 468.0, 469.0, 470.0, 471.0, 472.0, 473.0, 474.0, 475.0, 476.0, 477.0, 478.0, 479.0, 480.0, 481.0, 482.0, 483.0, 484.0, 485.0, 486.0, 487.0, 488.0, 489.0, 490.0, 491.0, 492.0, 493.0, 494.0, 495.0, 496.0, 497.0, 498.0, 499.0, 500.0, 501.0, 502.0, 503.0, 504.0, 505.0, 506.0, 507.0, 508.0, 509.0, 510.0, 511.0, 512.0, 513.0, 514.0, 515.0, 516.0, 517.0, 518.0, 519.0, 520.0, 521.0, 522.0, 523.0, 524.0, 525.0, 526.0, 527.0, 528.0, 529.0, 530.0, 531.0, 532.0, 533.0, 534.0, 535.0, 536.0, 537.0, 538.0, 539.0
% Backup Solver: sparrow2011_sparrow2011_ubcsat1.2_2011-03-02
% Input Instances for Training: 540 (-unsolvable)
% Used Instances for Training: 540 (-unsolvable)
% Train with RANDOMFOREST-CLASSVOTER
% PAR10 on current test set: 10198.75 (60 instances)
% >>> 10-th iteration<<<
('sr: ', array([ 3706.49248379,  1684.26082564,   532.93329551,   457.40652592]), ' - svd_k: ', 4)

opt_portfolio:  [0 0 0 0 0 0 0 0 0]
opt_portfolio v2:  set([0, 1, 2, 3, 4, 5, 6, 7, 8])
('top_ft_inx_arr: ', array([ 0,  1,  2,  3,  7,  8, 11, 21, 22, 23, 24, 25, 26, 28, 29, 30, 31,
       32, 33, 34, 35, 39, 43, 44, 49]))
ft_imp_total =  1.0
ft cv scores:  [ 0.41240247  0.11540058  0.3319708   0.32314347  0.46386927  0.25084625
  0.47530507  0.47103511  0.25986754  0.38557608]
top_ft_inx_arr:  [ 0  1  2  3  7  8 11 21 22 23 24 25 26 28 29 30 31 32 33 34 35 39 43 44 49]
(25 out of 50) Features to keep are determined: 0, 1, 2, 3, 7, 8, 11, 21, 22, 23, 24, 25, 26, 28, 29, 30, 31, 32, 33, 34, 35, 39, 43, 44, 49
('No algorithm subset selection, just get the optimal portfolio: ', '0, 1, 2, 3, 4, 5, 6, 7, 8')
(9 out of 9) Algorithms/solvers to keep are determined: 0, 1, 2, 3, 4, 5, 6, 7, 8
('inst_per_cls : ', array([   0.,    1.,    2.,    3.,    4.,    5.,    6.,    7.,    8.,
          9.,   10.,   11.,   12.,   13.,   14.,   15.,   16.,   17.,
         18.,   19.,   20.,   21.,   22.,   23.,   24.,   25.,   26.,
         27.,   28.,   29.,   30.,   31.,   32.,   33.,   34.,   35.,
         36.,   37.,   38.,   39.,   40.,   41.,   42.,   43.,   44.,
         45.,   46.,   47.,   48.,   49.,   50.,   51.,   52.,   53.,
         54.,   55.,   56.,   57.,   58.,   59.,   60.,   61.,   62.,
         63.,   64.,   65.,   66.,   67.,   68.,   69.,   70.,   71.,
         72.,   73.,   74.,   75.,   76.,   77.,   78.,   79.,   80.,
         81.,   82.,   83.,   84.,   85.,   86.,   87.,   88.,   89.,
         90.,   91.,   92.,   93.,   94.,   95.,   96.,   97.,   98.,
         99.,  100.,  101.,  102.,  103.,  104.,  105.,  106.,  107.,
        108.,  109.,  110.,  111.,  112.,  113.,  114.,  115.,  116.,
        117.,  118.,  119.,  120.,  121.,  122.,  123.,  124.,  125.,
        126.,  127.,  128.,  129.,  130.,  131.,  132.,  133.,  134.,
        135.,  136.,  137.,  138.,  139.,  140.,  141.,  142.,  143.,
        144.,  145.,  146.,  147.,  148.,  149.,  150.,  151.,  152.,
        153.,  154.,  155.,  156.,  157.,  158.,  159.,  160.,  161.,
        162.,  163.,  164.,  165.,  166.,  167.,  168.,  169.,  170.,
        171.,  172.,  173.,  174.,  175.,  176.,  177.,  178.,  179.,
        180.,  181.,  182.,  183.,  184.,  185.,  186.,  187.,  188.,
        189.,  190.,  191.,  192.,  193.,  194.,  195.,  196.,  197.,
        198.,  199.,  200.,  201.,  202.,  203.,  204.,  205.,  206.,
        207.,  208.,  209.,  210.,  211.,  212.,  213.,  214.,  215.,
        216.,  217.,  218.,  219.,  220.,  221.,  222.,  223.,  224.,
        225.,  226.,  227.,  228.,  229.,  230.,  231.,  232.,  233.,
        234.,  235.,  236.,  237.,  238.,  239.,  240.,  241.,  242.,
        243.,  244.,  245.,  246.,  247.,  248.,  249.,  250.,  251.,
        252.,  253.,  254.,  255.,  256.,  257.,  258.,  259.,  260.,
        261.,  262.,  263.,  264.,  265.,  266.,  267.,  268.,  269.,
        270.,  271.,  272.,  273.,  274.,  275.,  276.,  277.,  278.,
        279.,  280.,  281.,  282.,  283.,  284.,  285.,  286.,  287.,
        288.,  289.,  290.,  291.,  292.,  293.,  294.,  295.,  296.,
        297.,  298.,  299.,  300.,  301.,  302.,  303.,  304.,  305.,
        306.,  307.,  308.,  309.,  310.,  311.,  312.,  313.,  314.,
        315.,  316.,  317.,  318.,  319.,  320.,  321.,  322.,  323.,
        324.,  325.,  326.,  327.,  328.,  329.,  330.,  331.,  332.,
        333.,  334.,  335.,  336.,  337.,  338.,  339.,  340.,  341.,
        342.,  343.,  344.,  345.,  346.,  347.,  348.,  349.,  350.,
        351.,  352.,  353.,  354.,  355.,  356.,  357.,  358.,  359.,
        360.,  361.,  362.,  363.,  364.,  365.,  366.,  367.,  368.,
        369.,  370.,  371.,  372.,  373.,  374.,  375.,  376.,  377.,
        378.,  379.,  380.,  381.,  382.,  383.,  384.,  385.,  386.,
        387.,  388.,  389.,  390.,  391.,  392.,  393.,  394.,  395.,
        396.,  397.,  398.,  399.,  400.,  401.,  402.,  403.,  404.,
        405.,  406.,  407.,  408.,  409.,  410.,  411.,  412.,  413.,
        414.,  415.,  416.,  417.,  418.,  419.,  420.,  421.,  422.,
        423.,  424.,  425.,  426.,  427.,  428.,  429.,  430.,  431.,
        432.,  433.,  434.,  435.,  436.,  437.,  438.,  439.,  440.,
        441.,  442.,  443.,  444.,  445.,  446.,  447.,  448.,  449.,
        450.,  451.,  452.,  453.,  454.,  455.,  456.,  457.,  458.,
        459.,  460.,  461.,  462.,  463.,  464.,  465.,  466.,  467.,
        468.,  469.,  470.,  471.,  472.,  473.,  474.,  475.,  476.,
        477.,  478.,  479.,  480.,  481.,  482.,  483.,  484.,  485.,
        486.,  487.,  488.,  489.,  490.,  491.,  492.,  493.,  494.,
        495.,  496.,  497.,  498.,  499.,  500.,  501.,  502.,  503.,
        504.,  505.,  506.,  507.,  508.,  509.,  510.,  511.,  512.,
        513.,  514.,  515.,  516.,  517.,  518.,  519.,  520.,  521.,
        522.,  523.,  524.,  525.,  526.,  527.,  528.,  529.,  530.,
        531.,  532.,  533.,  534.,  535.,  536.,  537.,  538.,  539.]))
(540 out of 540) Instances to keep are determined: 0.0, 1.0, 2.0, 3.0, 4.0, 5.0, 6.0, 7.0, 8.0, 9.0, 10.0, 11.0, 12.0, 13.0, 14.0, 15.0, 16.0, 17.0, 18.0, 19.0, 20.0, 21.0, 22.0, 23.0, 24.0, 25.0, 26.0, 27.0, 28.0, 29.0, 30.0, 31.0, 32.0, 33.0, 34.0, 35.0, 36.0, 37.0, 38.0, 39.0, 40.0, 41.0, 42.0, 43.0, 44.0, 45.0, 46.0, 47.0, 48.0, 49.0, 50.0, 51.0, 52.0, 53.0, 54.0, 55.0, 56.0, 57.0, 58.0, 59.0, 60.0, 61.0, 62.0, 63.0, 64.0, 65.0, 66.0, 67.0, 68.0, 69.0, 70.0, 71.0, 72.0, 73.0, 74.0, 75.0, 76.0, 77.0, 78.0, 79.0, 80.0, 81.0, 82.0, 83.0, 84.0, 85.0, 86.0, 87.0, 88.0, 89.0, 90.0, 91.0, 92.0, 93.0, 94.0, 95.0, 96.0, 97.0, 98.0, 99.0, 100.0, 101.0, 102.0, 103.0, 104.0, 105.0, 106.0, 107.0, 108.0, 109.0, 110.0, 111.0, 112.0, 113.0, 114.0, 115.0, 116.0, 117.0, 118.0, 119.0, 120.0, 121.0, 122.0, 123.0, 124.0, 125.0, 126.0, 127.0, 128.0, 129.0, 130.0, 131.0, 132.0, 133.0, 134.0, 135.0, 136.0, 137.0, 138.0, 139.0, 140.0, 141.0, 142.0, 143.0, 144.0, 145.0, 146.0, 147.0, 148.0, 149.0, 150.0, 151.0, 152.0, 153.0, 154.0, 155.0, 156.0, 157.0, 158.0, 159.0, 160.0, 161.0, 162.0, 163.0, 164.0, 165.0, 166.0, 167.0, 168.0, 169.0, 170.0, 171.0, 172.0, 173.0, 174.0, 175.0, 176.0, 177.0, 178.0, 179.0, 180.0, 181.0, 182.0, 183.0, 184.0, 185.0, 186.0, 187.0, 188.0, 189.0, 190.0, 191.0, 192.0, 193.0, 194.0, 195.0, 196.0, 197.0, 198.0, 199.0, 200.0, 201.0, 202.0, 203.0, 204.0, 205.0, 206.0, 207.0, 208.0, 209.0, 210.0, 211.0, 212.0, 213.0, 214.0, 215.0, 216.0, 217.0, 218.0, 219.0, 220.0, 221.0, 222.0, 223.0, 224.0, 225.0, 226.0, 227.0, 228.0, 229.0, 230.0, 231.0, 232.0, 233.0, 234.0, 235.0, 236.0, 237.0, 238.0, 239.0, 240.0, 241.0, 242.0, 243.0, 244.0, 245.0, 246.0, 247.0, 248.0, 249.0, 250.0, 251.0, 252.0, 253.0, 254.0, 255.0, 256.0, 257.0, 258.0, 259.0, 260.0, 261.0, 262.0, 263.0, 264.0, 265.0, 266.0, 267.0, 268.0, 269.0, 270.0, 271.0, 272.0, 273.0, 274.0, 275.0, 276.0, 277.0, 278.0, 279.0, 280.0, 281.0, 282.0, 283.0, 284.0, 285.0, 286.0, 287.0, 288.0, 289.0, 290.0, 291.0, 292.0, 293.0, 294.0, 295.0, 296.0, 297.0, 298.0, 299.0, 300.0, 301.0, 302.0, 303.0, 304.0, 305.0, 306.0, 307.0, 308.0, 309.0, 310.0, 311.0, 312.0, 313.0, 314.0, 315.0, 316.0, 317.0, 318.0, 319.0, 320.0, 321.0, 322.0, 323.0, 324.0, 325.0, 326.0, 327.0, 328.0, 329.0, 330.0, 331.0, 332.0, 333.0, 334.0, 335.0, 336.0, 337.0, 338.0, 339.0, 340.0, 341.0, 342.0, 343.0, 344.0, 345.0, 346.0, 347.0, 348.0, 349.0, 350.0, 351.0, 352.0, 353.0, 354.0, 355.0, 356.0, 357.0, 358.0, 359.0, 360.0, 361.0, 362.0, 363.0, 364.0, 365.0, 366.0, 367.0, 368.0, 369.0, 370.0, 371.0, 372.0, 373.0, 374.0, 375.0, 376.0, 377.0, 378.0, 379.0, 380.0, 381.0, 382.0, 383.0, 384.0, 385.0, 386.0, 387.0, 388.0, 389.0, 390.0, 391.0, 392.0, 393.0, 394.0, 395.0, 396.0, 397.0, 398.0, 399.0, 400.0, 401.0, 402.0, 403.0, 404.0, 405.0, 406.0, 407.0, 408.0, 409.0, 410.0, 411.0, 412.0, 413.0, 414.0, 415.0, 416.0, 417.0, 418.0, 419.0, 420.0, 421.0, 422.0, 423.0, 424.0, 425.0, 426.0, 427.0, 428.0, 429.0, 430.0, 431.0, 432.0, 433.0, 434.0, 435.0, 436.0, 437.0, 438.0, 439.0, 440.0, 441.0, 442.0, 443.0, 444.0, 445.0, 446.0, 447.0, 448.0, 449.0, 450.0, 451.0, 452.0, 453.0, 454.0, 455.0, 456.0, 457.0, 458.0, 459.0, 460.0, 461.0, 462.0, 463.0, 464.0, 465.0, 466.0, 467.0, 468.0, 469.0, 470.0, 471.0, 472.0, 473.0, 474.0, 475.0, 476.0, 477.0, 478.0, 479.0, 480.0, 481.0, 482.0, 483.0, 484.0, 485.0, 486.0, 487.0, 488.0, 489.0, 490.0, 491.0, 492.0, 493.0, 494.0, 495.0, 496.0, 497.0, 498.0, 499.0, 500.0, 501.0, 502.0, 503.0, 504.0, 505.0, 506.0, 507.0, 508.0, 509.0, 510.0, 511.0, 512.0, 513.0, 514.0, 515.0, 516.0, 517.0, 518.0, 519.0, 520.0, 521.0, 522.0, 523.0, 524.0, 525.0, 526.0, 527.0, 528.0, 529.0, 530.0, 531.0, 532.0, 533.0, 534.0, 535.0, 536.0, 537.0, 538.0, 539.0
% Backup Solver: MPhaseSAT_M_2011-02-16
% Input Instances for Training: 540 (-unsolvable)
% Used Instances for Training: 540 (-unsolvable)
% Train with RANDOMFOREST-CLASSVOTER
% PAR10 on current test set: 8563.29 (60 instances)
% 
%  >>> Instances: 600 <<<
%  >>> Oracle Evaluation (w/o unsolved) <<<
% 
% Unsolved (not by any algorithm and not by feature computation): 108
% PAR1 time: 1086.620565 (227.586055)
% Par10 time: 9186.440565 (227.366543)
% #TOs: 108 (0)
% 
%  >>> Cross Fold Evaluation <<<
% 
% Presolved: 0
% >>>With Unsolvable Instances
% Timeouts per #Thread: {1: 119, 2: 114, 3: 113, 4: 113, 5: 112, 6: 109, 7: 108, 8: 108, 9: 108}
% Solved (perc) per #Thread: {1: 0.8016666666666666, 2: 0.81, 3: 0.8116666666666666, 4: 0.8116666666666666, 5: 0.8133333333333334, 6: 0.8183333333333334, 7: 0.8200000000000001, 8: 0.8200000000000001, 9: 0.8200000000000001}
% AVG per #Thread: {1: 1215.7971694366572, 2: 1183.2979082216696, 3: 1133.4863520700064, 4: 1129.6354821000045, 5: 1121.8434079450028, 6: 1105.4957848883357, 7: 1102.6429913750028, 8: 1102.642124831672, 9: 1102.640965003337}
% PAR10 per #Thread: {1: 10140.797169436657, 2: 9733.29790822167, 3: 9608.486352070007, 4: 9604.635482100004, 5: 9521.843407945003, 6: 9280.495784888335, 7: 9202.642991375003, 8: 9202.642124831671, 9: 9202.640965003337}
% >>>Without Unsolved Instances (depends on pre-solved in feature groups)
% Timeouts: {1: 11, 2: 6, 3: 5, 4: 5, 5: 4, 6: 1, 7: 0, 8: 0, 9: 0}
% Solved (perc): {1: 0.9776422764227642, 2: 0.9878048780487806, 3: 0.9898373983739838, 4: 0.9898373983739838, 5: 0.991869918699187, 6: 0.9979674796747967, 7: 1.0000000000000002, 8: 1.0000000000000002, 9: 1.0000000000000002}
% PAR1: {1: 385.11849931299656, 2: 345.48525392886523, 3: 284.7394537439102, 4: 280.04327085366396, 5: 270.5407413963448, 6: 250.6046157174827, 7: 247.12559923780816, 8: 247.12454247764882, 9: 247.12312805284986}
% PAR10: {1: 1391.2160602886063, 2: 894.2657417337433, 3: 742.056526914644, 4: 737.3603440243959, 5: 636.3943999329301, 6: 342.06803035162903, 7: 247.12559923781006, 8: 247.12454247764668, 9: 247.12312805285012}
% 
% Time used by each solver: {'EagleUP_1.565.350': 384701.711382, 'MPhaseSAT_M_2011-02-16': 126426.95632900002, 'sparrow2011_sparrow2011_ubcsat1.2_2011-03-02': 44910.764339999994, 'sattime2011_2011-03-02': 5694.059329000001, 'SAT09referencesolvermarch_hi_hi': 54097.47685000001, 'SAT09referencesolvergnovelty+2_2009-03-22': 21150.082863, 'SAT09referencesolverTNM_2009-03-22': 20159.54215, 'adaptg2wsat2011_2011-03-02': 16011.766, 'march_rw_2011-03-02': 43087.112419}
% Optimal Time used by each solver: {'EagleUP_1.565.350': 544541.9798989999, 'MPhaseSAT_M_2011-02-16': 352.325057, 'sparrow2011_sparrow2011_ubcsat1.2_2011-03-02': 34880.54265800001, 'sattime2011_2011-03-02': 182.019304, 'SAT09referencesolvermarch_hi_hi': 28268.427819999997, 'SAT09referencesolvergnovelty+2_2009-03-22': 867.5445749999994, 'SAT09referencesolverTNM_2009-03-22': 2560.3926169999995, 'adaptg2wsat2011_2011-03-02': 3459.4752309999994, 'march_rw_2011-03-02': 36859.631841}
